1 0.614063 0.272266 0.015625 0.078906
1 0.352734 0.461328 0.055469 0.103906
1 0.724219 0.379297 0.029688 0.092969
1 0.864844 0.923828 0.054688 0.141406
1 0.684766 0.341406 0.022656 0.098438
1 0.666797 0.299609 0.021094 0.083594
1 0.305078 0.326953 0.022656 0.091406
1 0.773047 0.516016 0.033594 0.119531
1 0.338281 0.313672 0.020313 0.080469
1 0.565234 0.196875 0.014844 0.062500
1 0.417969 0.295313 0.017188 0.065625
1 0.400781 0.298438 0.023438 0.065625
1 0.377734 0.308203 0.021094 0.066406
2 0.244922 0.438281 0.127344 0.098438
2 0.510156 0.175781 0.026563 0.060938
2 0.535547 0.258984 0.033594 0.067969
3 0.400391 0.209375 0.038281 0.078125
4 0.462109 0.256641 0.042969 0.116406
