1 0.791406 0.454688 0.039062 0.112500
1 0.688672 0.319141 0.024219 0.078906
1 0.240625 0.481250 0.031250 0.109375
1 0.185156 0.478516 0.032813 0.116406
1 0.164062 0.680469 0.056250 0.189063
1 0.080078 0.397656 0.057031 0.073438
1 0.258984 0.359766 0.033594 0.107031
1 0.317188 0.372656 0.025000 0.089063
1 0.303516 0.345703 0.032031 0.078906
1 0.367188 0.315234 0.021875 0.080469
1 0.319531 0.281250 0.017188 0.053125
1 0.347656 0.300000 0.017188 0.062500
1 0.394531 0.266406 0.017188 0.073438
3 0.637109 0.367969 0.102344 0.176563
1 0.425000 0.249609 0.015625 0.055469
2 0.593750 0.235547 0.040625 0.058594
1 0.648438 0.271484 0.018750 0.046094
1 0.045313 0.857813 0.090625 0.278125
1 0.362109 0.250000 0.014844 0.034375
2 0.400000 0.520703 0.100000 0.219531
1 0.630469 0.223047 0.014063 0.042969
