1 0.517578 0.810547 0.047656 0.130469
1 0.183203 0.909766 0.082031 0.153906
1 0.838281 0.891797 0.045313 0.142969
1 0.363281 0.856250 0.064063 0.150000
1 0.715625 0.453906 0.021875 0.060938
1 0.688672 0.559375 0.030469 0.084375
1 0.623828 0.853906 0.044531 0.126562
1 0.603516 0.591406 0.032031 0.085938
1 0.733203 0.521094 0.025781 0.073438
1 0.856250 0.586719 0.043750 0.098438
1 0.630469 0.496484 0.026563 0.071094
1 0.630078 0.620313 0.032031 0.090625
1 0.670703 0.730859 0.041406 0.108594
1 0.685156 0.489453 0.026563 0.069531
1 0.739844 0.451172 0.020313 0.058594
1 0.782813 0.518750 0.028125 0.075000
1 0.776953 0.422656 0.019531 0.051563
1 0.826172 0.438672 0.021094 0.058594
1 0.803516 0.507031 0.025781 0.073438
1 0.609766 0.715234 0.035156 0.096094
1 0.756641 0.496484 0.022656 0.067969
1 0.867578 0.466406 0.019531 0.064063
1 0.857031 0.518750 0.023438 0.062500
1 0.561328 0.648047 0.035156 0.096094
1 0.538281 0.592187 0.032813 0.090625
1 0.799609 0.437109 0.021094 0.058594
1 0.760938 0.437500 0.018750 0.053125
1 0.855078 0.404688 0.022656 0.053125
1 0.792578 0.377734 0.019531 0.046094
1 0.744922 0.352734 0.017969 0.042969
1 0.836328 0.546094 0.022656 0.073438
1 0.845313 0.491016 0.018750 0.053906
1 0.744531 0.421875 0.020313 0.050000
1 0.776953 0.469141 0.019531 0.053906
1 0.347656 0.952734 0.048438 0.092969
1 0.767969 0.383203 0.017188 0.044531
2 0.072656 0.864453 0.135938 0.178906
2 0.510938 0.437891 0.046875 0.066406
2 0.655078 0.380469 0.035156 0.051563
2 0.601172 0.385938 0.033594 0.053125
2 0.462109 0.487109 0.061719 0.083594
2 0.564063 0.458984 0.059375 0.080469
2 0.657813 0.430469 0.040625 0.064063
2 0.618750 0.350391 0.028125 0.041406
1 0.710938 0.415234 0.018750 0.042969
