2 0.324219 0.534766 0.098438 0.203906
4 0.093359 0.594922 0.186719 0.408594
4 0.575781 0.522266 0.139063 0.328906
2 0.736719 0.612109 0.135938 0.183594
1 0.853125 0.540625 0.037500 0.112500
1 0.739453 0.367188 0.019531 0.071875
1 0.707031 0.323438 0.017188 0.090625
2 0.635156 0.396875 0.045313 0.096875
4 0.607422 0.298828 0.046094 0.107031
3 0.576953 0.259766 0.053906 0.082031
2 0.425000 0.229297 0.062500 0.042969
2 0.250391 0.201953 0.038281 0.044531
1 0.514453 0.233203 0.022656 0.041406
2 0.683203 0.246484 0.041406 0.046094
2 0.645313 0.261328 0.034375 0.041406
1 0.118750 0.193359 0.009375 0.030469
1 0.367578 0.215234 0.028906 0.030469
1 0.289062 0.213281 0.015625 0.039062
1 0.315234 0.216406 0.027344 0.035938
4 0.593750 0.206250 0.062500 0.071875
