1 0.714453 0.445312 0.019531 0.075000
1 0.705469 0.601953 0.032813 0.094531
1 0.722656 0.539062 0.017188 0.075000
1 0.791016 0.435156 0.022656 0.064063
1 0.767969 0.507812 0.017188 0.062500
1 0.375781 0.769922 0.051563 0.130469
1 0.642188 0.480859 0.025000 0.071094
1 0.821875 0.482813 0.028125 0.071875
1 0.743750 0.398047 0.015625 0.046094
1 0.517188 0.852344 0.050000 0.151563
1 0.624219 0.563281 0.029688 0.089063
1 0.957813 0.880469 0.046875 0.189063
1 0.838672 0.560937 0.030469 0.075000
1 0.527734 0.923047 0.055469 0.121094
1 0.811328 0.407422 0.019531 0.055469
1 0.337891 0.752344 0.044531 0.126562
1 0.671875 0.530859 0.028125 0.080469
1 0.668750 0.479688 0.021875 0.059375
1 0.830469 0.385156 0.017188 0.048438
1 0.760156 0.466016 0.023438 0.053906
1 0.728125 0.494141 0.021875 0.057031
1 0.767188 0.366797 0.015625 0.042969
1 0.783203 0.366016 0.016406 0.044531
2 0.277344 0.673828 0.107813 0.128906
2 0.556250 0.409375 0.040625 0.059375
2 0.057031 0.766797 0.107813 0.142969
2 0.471875 0.536328 0.081250 0.103906
2 0.651563 0.363672 0.031250 0.046094
2 0.447656 0.491016 0.057813 0.069531
2 0.620703 0.401953 0.038281 0.057031
2 0.630078 0.310938 0.025781 0.040625
1 0.736719 0.366016 0.014063 0.044531
1 0.753125 0.361328 0.012500 0.044531
