1 0.400781 0.809766 0.051563 0.132031
1 0.692188 0.422266 0.021875 0.057031
1 0.720703 0.425000 0.019531 0.053125
1 0.746484 0.476562 0.024219 0.065625
1 0.651172 0.507812 0.027344 0.078125
1 0.564453 0.642578 0.041406 0.107031
1 0.713281 0.573047 0.032813 0.080469
1 0.783984 0.464844 0.024219 0.064063
1 0.213672 0.946484 0.074219 0.105469
1 0.682813 0.523047 0.025000 0.067969
1 0.840625 0.365234 0.018750 0.046094
1 0.828906 0.479688 0.026563 0.065625
1 0.744922 0.390234 0.017969 0.046094
1 0.878125 0.575000 0.040625 0.084375
1 0.799219 0.408984 0.017188 0.042969
1 0.768359 0.367578 0.014844 0.041406
1 0.824219 0.351562 0.017188 0.040625
1 0.657031 0.458984 0.023438 0.058594
1 0.385156 0.959766 0.054688 0.078906
1 0.785938 0.380078 0.015625 0.041406
2 0.371875 0.544141 0.075000 0.094531
2 0.621094 0.339063 0.032813 0.046875
2 0.675391 0.347656 0.028906 0.048438
2 0.583594 0.383984 0.039062 0.058594
3 0.503516 0.502344 0.082031 0.135938
