1 0.073047 0.459375 0.030469 0.100000
1 0.101562 0.233984 0.015625 0.046094
1 0.137109 0.228906 0.011719 0.048438
1 0.710156 0.283594 0.017188 0.064063
1 0.521875 0.228906 0.018750 0.039062
4 0.266016 0.230078 0.103906 0.153906
2 0.621094 0.873438 0.179688 0.253125
2 0.715625 0.618359 0.134375 0.180469
3 0.535547 0.457422 0.077344 0.171094
2 0.607422 0.385156 0.055469 0.098438
2 0.526172 0.353906 0.052344 0.060938
2 0.599609 0.311719 0.039844 0.060938
2 0.546484 0.293750 0.046094 0.065625
2 0.615625 0.283984 0.034375 0.055469
2 0.648828 0.264844 0.041406 0.048438
2 0.671484 0.246094 0.027344 0.039062
