1 0.855469 0.448438 0.023438 0.062500
1 0.183594 0.907813 0.073438 0.159375
1 0.846484 0.535156 0.027344 0.076563
1 0.449219 0.867578 0.054688 0.141406
1 0.721484 0.397266 0.021094 0.053906
1 0.729297 0.614844 0.033594 0.098438
1 0.794141 0.560156 0.025781 0.073438
1 0.809766 0.464453 0.016406 0.057031
1 0.773828 0.605078 0.022656 0.091406
1 0.567578 0.716406 0.047656 0.123438
1 0.753125 0.492188 0.021875 0.059375
1 0.737500 0.382031 0.018750 0.048438
1 0.610938 0.563672 0.034375 0.092969
1 0.810547 0.421875 0.017969 0.053125
1 0.495703 0.661719 0.041406 0.114063
1 0.814063 0.600781 0.031250 0.085938
1 0.777344 0.511328 0.023438 0.066406
1 0.794531 0.396875 0.020313 0.053125
1 0.760156 0.439453 0.020313 0.057031
1 0.709375 0.546484 0.025000 0.080469
1 0.777734 0.433203 0.021094 0.057031
1 0.826563 0.434766 0.021875 0.057031
1 0.656641 0.643750 0.038281 0.109375
1 0.855859 0.377344 0.021094 0.051563
1 0.761328 0.391406 0.019531 0.051563
1 0.753906 0.565234 0.023438 0.071094
1 0.878125 0.570703 0.037500 0.094531
1 0.816797 0.509766 0.024219 0.066406
1 0.825000 0.365234 0.018750 0.046094
1 0.408594 0.812109 0.048438 0.130469
1 0.831641 0.490625 0.019531 0.059375
1 0.673438 0.550391 0.028125 0.082031
1 0.736328 0.544141 0.022656 0.066406
1 0.643750 0.526172 0.018750 0.067969
1 0.682422 0.491016 0.024219 0.069531
1 0.743750 0.469531 0.015625 0.060938
1 0.719922 0.505469 0.021094 0.060938
1 0.764063 0.340625 0.012500 0.034375
2 0.346484 0.546484 0.089844 0.108594
2 0.456250 0.546875 0.084375 0.115625
2 0.269531 0.657422 0.123438 0.133594
2 0.580859 0.446875 0.049219 0.075000
2 0.571484 0.393750 0.039844 0.059375
2 0.643359 0.418750 0.042969 0.065625
2 0.603906 0.364453 0.035938 0.053906
2 0.645703 0.477734 0.047656 0.071094
3 0.660938 0.326563 0.043750 0.071875
1 0.631250 0.502734 0.018750 0.067969
