2 0.085156 0.664844 0.164062 0.276562
2 0.553516 0.551172 0.088281 0.171094
2 0.751172 0.712500 0.155469 0.212500
2 0.623047 0.430078 0.074219 0.103906
2 0.615625 0.333594 0.046875 0.064063
2 0.624219 0.287891 0.035938 0.053906
2 0.653516 0.255078 0.044531 0.041406
2 0.703125 0.245313 0.043750 0.050000
4 0.315625 0.196484 0.059375 0.055469
2 0.232031 0.200000 0.051563 0.040625
2 0.171875 0.182422 0.037500 0.046094
3 0.097266 0.221875 0.035156 0.059375
1 0.368750 0.223828 0.021875 0.041406
3 0.535547 0.319922 0.064844 0.208594
