1 0.850781 0.526953 0.045313 0.128906
1 0.716016 0.353516 0.032031 0.094531
1 0.687109 0.322266 0.030469 0.082031
1 0.651172 0.340625 0.024219 0.090625
2 0.556250 0.304297 0.056250 0.092969
1 0.178125 0.551953 0.062500 0.144531
1 0.084375 0.405078 0.065625 0.069531
1 0.207813 0.287891 0.043750 0.053906
1 0.340234 0.246484 0.027344 0.080469
1 0.655469 0.281250 0.023438 0.078125
1 0.680469 0.267578 0.026563 0.066406
1 0.615234 0.267578 0.024219 0.094531
1 0.633594 0.273438 0.020313 0.078125
1 0.600000 0.282813 0.018750 0.075000
