1 0.258203 0.784375 0.047656 0.203125
1 0.436328 0.912500 0.047656 0.175000
1 0.535547 0.750000 0.033594 0.178125
1 0.457813 0.500000 0.021875 0.121875
1 0.485156 0.620703 0.032813 0.144531
1 0.546484 0.495313 0.024219 0.109375
1 0.477734 0.422656 0.017969 0.098438
1 0.508984 0.442578 0.027344 0.103906
1 0.539062 0.401563 0.021875 0.084375
2 0.483594 0.325781 0.039062 0.076563
1 0.539062 0.400000 0.021875 0.084375
1 0.494531 0.358594 0.017188 0.076563
1 0.521094 0.352734 0.017188 0.067969
1 0.394922 0.333984 0.014844 0.071094
