1 0.267969 0.853125 0.060938 0.153125
1 0.627344 0.715625 0.042188 0.121875
1 0.299219 0.771875 0.045313 0.128125
1 0.784375 0.409766 0.018750 0.053906
1 0.385156 0.911719 0.054688 0.151563
1 0.495313 0.703125 0.040625 0.121875
1 0.346484 0.787500 0.046094 0.134375
1 0.736719 0.419922 0.014063 0.058594
1 0.832422 0.438672 0.014844 0.058594
1 0.581641 0.703906 0.038281 0.114063
1 0.769141 0.428125 0.019531 0.059375
1 0.753906 0.391016 0.017188 0.053906
1 0.825000 0.811719 0.040625 0.123438
1 0.808203 0.924219 0.047656 0.114063
1 0.532031 0.658203 0.032813 0.107031
1 0.820703 0.571484 0.025781 0.083594
1 0.560547 0.666797 0.024219 0.108594
1 0.500781 0.510938 0.029688 0.084375
1 0.562500 0.559375 0.031250 0.090625
1 0.404688 0.793359 0.043750 0.121094
1 0.556250 0.507812 0.028125 0.075000
1 0.725000 0.715625 0.031250 0.112500
1 0.400391 0.689063 0.041406 0.112500
1 0.732813 0.391406 0.012500 0.051563
1 0.728906 0.637500 0.029688 0.075000
1 0.810547 0.426953 0.014844 0.057031
1 0.844922 0.600000 0.024219 0.084375
1 0.817969 0.396875 0.017188 0.046875
1 0.379297 0.728906 0.036719 0.110938
1 0.797266 0.385938 0.016406 0.046875
1 0.852734 0.543359 0.021094 0.058594
1 0.771094 0.378906 0.017188 0.048438
2 0.493750 0.853125 0.100000 0.178125
2 0.738281 0.546484 0.064063 0.105469
2 0.363672 0.558203 0.080469 0.094531
2 0.660938 0.372266 0.034375 0.053906
2 0.699609 0.361328 0.030469 0.041406
3 0.635156 0.587891 0.079688 0.191406
