2 0.580469 0.293750 0.042188 0.075000
2 0.735547 0.885156 0.183594 0.226562
1 0.591406 0.484766 0.039062 0.119531
1 0.633984 0.421484 0.024219 0.083594
1 0.778125 0.533203 0.046875 0.128906
1 0.638672 0.289062 0.021094 0.071875
1 0.328906 0.377734 0.029688 0.096094
1 0.271094 0.366406 0.023438 0.089063
1 0.216016 0.494141 0.025781 0.107031
1 0.344531 0.291016 0.020313 0.066406
1 0.353906 0.228906 0.017188 0.051563
1 0.388281 0.222266 0.017188 0.057031
1 0.258594 0.616016 0.045313 0.169531
1 0.184375 0.681641 0.059375 0.178906
