1 0.348828 0.715625 0.050781 0.134375
1 0.736719 0.702344 0.035938 0.110938
1 0.798438 0.867969 0.037500 0.126562
1 0.464453 0.646484 0.041406 0.108594
1 0.559375 0.573438 0.037500 0.096875
1 0.650391 0.659766 0.035156 0.107031
1 0.798438 0.672266 0.031250 0.091406
1 0.784375 0.423828 0.021875 0.057031
1 0.689844 0.421094 0.023438 0.060938
1 0.666797 0.463672 0.027344 0.071094
1 0.844922 0.506641 0.030469 0.078906
1 0.628125 0.507031 0.028125 0.073438
1 0.618359 0.617578 0.030469 0.103906
1 0.887891 0.557031 0.025781 0.085938
1 0.815625 0.547656 0.028125 0.076563
1 0.737109 0.407422 0.021094 0.055469
1 0.715625 0.462500 0.021875 0.059375
1 0.703906 0.488281 0.017188 0.064063
1 0.795703 0.602734 0.019531 0.071094
1 0.775000 0.542188 0.018750 0.062500
1 0.651953 0.559375 0.028906 0.078125
1 0.800391 0.785156 0.035156 0.085938
1 0.760156 0.434766 0.014063 0.057031
1 0.719922 0.592969 0.014844 0.089063
1 0.159766 0.952734 0.063281 0.092969
1 0.798438 0.518359 0.018750 0.071094
1 0.757422 0.533594 0.021094 0.073438
1 0.745313 0.629688 0.028125 0.084375
4 0.719922 0.376563 0.027344 0.053125
1 0.807422 0.384375 0.014844 0.050000
2 0.051563 0.850000 0.103125 0.146875
2 0.481641 0.770313 0.082031 0.146875
2 0.755469 0.498828 0.048438 0.066406
2 0.624609 0.865625 0.096094 0.184375
1 0.705859 0.574219 0.014844 0.089063
