1 0.850391 0.714063 0.082031 0.171875
2 0.563281 0.304688 0.054688 0.100000
2 0.296094 0.501563 0.098438 0.175000
2 0.424219 0.422266 0.073438 0.153906
1 0.332813 0.358203 0.018750 0.078906
1 0.288281 0.384766 0.029688 0.082031
1 0.262500 0.354688 0.025000 0.071875
1 0.289844 0.306641 0.020313 0.066406
1 0.140625 0.548438 0.050000 0.150000
1 0.076563 0.401172 0.059375 0.067969
1 0.329688 0.277734 0.018750 0.055469
1 0.355078 0.291016 0.016406 0.066406
2 0.390625 0.323047 0.053125 0.083594
2 0.101172 0.815625 0.202344 0.365625
1 0.373047 0.263281 0.017969 0.064063
