1 0.448047 0.406250 0.042969 0.084375
1 0.399219 0.468750 0.048438 0.100000
1 0.438281 0.585156 0.076563 0.101562
1 0.308203 0.659766 0.088281 0.128906
1 0.307422 0.330469 0.021094 0.089063
1 0.877734 0.550391 0.071094 0.107031
1 0.663672 0.605859 0.064844 0.117969
1 0.039844 0.505859 0.067187 0.096094
1 0.151953 0.491016 0.060156 0.094531
1 0.766797 0.565625 0.064844 0.115625
1 0.557813 0.629297 0.084375 0.117969
1 0.268750 0.482031 0.062500 0.098438
1 0.484375 0.465234 0.040625 0.092969
1 0.222656 0.656250 0.082813 0.121875
1 0.092578 0.419531 0.057031 0.089063
1 0.173047 0.377734 0.049219 0.071094
1 0.690234 0.460547 0.052344 0.083594
1 0.355078 0.294141 0.013281 0.069531
1 0.257812 0.361719 0.037500 0.073438
1 0.417578 0.295703 0.019531 0.069531
1 0.214844 0.515625 0.060938 0.096875
1 0.823438 0.453516 0.065625 0.091406
1 0.878125 0.477734 0.059375 0.096094
1 0.378906 0.287891 0.023438 0.069531
1 0.659375 0.434375 0.043750 0.078125
1 0.553125 0.571875 0.068750 0.103125
1 0.109375 0.351953 0.043750 0.069531
2 0.596484 0.340625 0.105469 0.084375
2 0.455078 0.265234 0.035156 0.071094
4 0.521875 0.197266 0.025000 0.066406
1 0.441406 0.536719 0.073438 0.085938
1 0.207813 0.582813 0.075000 0.103125
1 0.223047 0.393750 0.036719 0.062500
1 0.198828 0.421875 0.041406 0.078125
1 0.379688 0.285156 0.015625 0.076563
1 0.338281 0.282422 0.014063 0.058594
