1 0.043750 0.711328 0.053125 0.178906
1 0.308984 0.322266 0.017969 0.082031
1 0.180859 0.546875 0.033594 0.134375
1 0.363672 0.254297 0.014844 0.067969
1 0.766406 0.464844 0.023438 0.098438
1 0.678906 0.391406 0.020313 0.085938
1 0.964844 0.806641 0.048438 0.166406
1 0.352734 0.309766 0.017969 0.082031
1 0.583203 0.197266 0.010156 0.044531
1 0.040234 0.466016 0.024219 0.094531
2 0.439844 0.284375 0.035938 0.078125
2 0.290625 0.549219 0.109375 0.173438
2 0.786719 0.684766 0.123438 0.216406
4 0.279688 0.843750 0.225000 0.312500
4 0.528125 0.187500 0.043750 0.103125
