1 0.242969 0.391016 0.026563 0.103906
1 0.027734 0.894531 0.055469 0.210938
1 0.329297 0.325781 0.030469 0.085938
1 0.708984 0.351172 0.021094 0.080469
1 0.748438 0.359375 0.021875 0.090625
1 0.721094 0.655078 0.039062 0.178906
1 0.515234 0.208984 0.014844 0.058594
1 0.617188 0.193359 0.009375 0.042969
1 0.628125 0.216406 0.012500 0.060938
1 0.682813 0.244141 0.015625 0.053906
2 0.283203 0.504297 0.113281 0.217969
2 0.595703 0.409375 0.075781 0.125000
2 0.384766 0.240234 0.057031 0.096094
4 0.455078 0.221484 0.044531 0.130469
4 0.575781 0.161328 0.048438 0.103906
