1 0.392969 0.772266 0.051563 0.141406
1 0.791797 0.492188 0.024219 0.071875
1 0.743359 0.657813 0.033594 0.103125
1 0.582031 0.602734 0.029688 0.092969
1 0.692969 0.489453 0.023438 0.069531
1 0.443750 0.912891 0.050000 0.141406
1 0.555859 0.923047 0.055469 0.130469
1 0.728516 0.586719 0.028906 0.085938
1 0.739453 0.424609 0.019531 0.055469
1 0.762500 0.478516 0.021875 0.066406
1 0.724219 0.478906 0.020313 0.060938
1 0.751172 0.821875 0.042969 0.150000
1 0.831250 0.655078 0.034375 0.107031
1 0.608203 0.647266 0.032031 0.107031
1 0.797656 0.757422 0.039062 0.130469
1 0.672656 0.533984 0.026563 0.083594
1 0.828516 0.530078 0.028906 0.078906
1 0.742578 0.521875 0.025781 0.075000
1 0.483984 0.621094 0.039844 0.114063
1 0.873828 0.434766 0.022656 0.069531
1 0.845313 0.452734 0.025000 0.067969
1 0.813672 0.474219 0.021094 0.064063
1 0.599609 0.530078 0.027344 0.082031
1 0.761719 0.411328 0.017188 0.053906
1 0.689844 0.435156 0.023438 0.060938
1 0.730078 0.382812 0.016406 0.046875
1 0.711328 0.433984 0.019531 0.055469
1 0.831250 0.409375 0.018750 0.053125
1 0.865625 0.379688 0.018750 0.053125
1 0.792578 0.448828 0.019531 0.057031
2 0.633984 0.825391 0.096094 0.169531
2 0.641797 0.375781 0.033594 0.051563
