1 0.716406 0.465625 0.023438 0.062500
1 0.383594 0.699609 0.051563 0.130469
1 0.677344 0.591797 0.026563 0.080469
1 0.635938 0.490234 0.025000 0.067969
1 0.629297 0.815625 0.046094 0.137500
1 0.646484 0.573047 0.027344 0.083594
1 0.692188 0.495703 0.025000 0.069531
1 0.846484 0.531641 0.030469 0.082031
1 0.802344 0.502734 0.023438 0.067969
1 0.499609 0.628906 0.039844 0.110938
1 0.779297 0.535156 0.027344 0.076563
1 0.760547 0.447266 0.021094 0.057031
1 0.613281 0.532031 0.026563 0.076563
1 0.687891 0.698828 0.041406 0.116406
1 0.853516 0.440234 0.022656 0.058594
1 0.878906 0.566406 0.035938 0.089063
1 0.611719 0.710938 0.032813 0.096875
1 0.778516 0.454297 0.019531 0.055469
1 0.607422 0.589063 0.027344 0.071875
1 0.823828 0.475781 0.022656 0.060938
1 0.741406 0.426172 0.020313 0.055469
1 0.599609 0.646484 0.027344 0.080469
1 0.236719 0.945312 0.085938 0.109375
1 0.792188 0.465234 0.018750 0.055469
1 0.778125 0.407813 0.018750 0.046875
1 0.793750 0.421875 0.018750 0.050000
1 0.860156 0.397266 0.020313 0.053906
2 0.713672 0.406250 0.042969 0.062500
2 0.557813 0.411719 0.050000 0.073438
2 0.658984 0.432813 0.036719 0.059375
2 0.596094 0.368359 0.035938 0.055469
2 0.614063 0.354688 0.034375 0.050000
3 0.424609 0.506641 0.142969 0.153906
