1 0.181641 0.781641 0.044531 0.203906
1 0.621484 0.422266 0.027344 0.091406
1 0.371094 0.313281 0.020313 0.076563
1 0.396094 0.341406 0.020313 0.085938
1 0.580469 0.302734 0.020313 0.080469
1 0.263281 0.634375 0.035938 0.153125
1 0.277344 0.489844 0.026563 0.114063
1 0.743750 0.454688 0.028125 0.109375
1 0.253516 0.550781 0.035156 0.126562
1 0.796875 0.548047 0.034375 0.121094
1 0.681250 0.425391 0.025000 0.107031
1 0.357031 0.407031 0.029688 0.101562
1 0.652344 0.353516 0.017188 0.078906
1 0.420313 0.255469 0.018750 0.064063
1 0.304688 0.398828 0.025000 0.103906
1 0.558594 0.258984 0.014063 0.058594
1 0.394922 0.257031 0.017969 0.060938
1 0.690625 0.354688 0.025000 0.071875
1 0.619922 0.337891 0.027344 0.069531
1 0.340625 0.367188 0.021875 0.084375
1 0.322266 0.256250 0.019531 0.065625
2 0.621875 0.537500 0.087500 0.162500
2 0.462500 0.201172 0.031250 0.067969
2 0.039062 0.392188 0.078125 0.115625
2 0.455859 0.288281 0.039844 0.073438
2 0.442969 0.383984 0.048438 0.108594
2 0.417188 0.160156 0.021875 0.051563
4 0.524219 0.244531 0.042188 0.098438
4 0.794531 0.897266 0.285938 0.203906
2 0.471875 0.809766 0.246875 0.253906
