1 0.169141 0.867969 0.069531 0.160938
1 0.620703 0.712500 0.041406 0.121875
1 0.596875 0.882812 0.046875 0.159375
1 0.748828 0.478125 0.022656 0.071875
1 0.534375 0.742578 0.037500 0.128906
1 0.432031 0.893359 0.054688 0.158594
1 0.831250 0.507422 0.025000 0.067969
1 0.566016 0.796094 0.041406 0.139063
1 0.829297 0.659375 0.036719 0.112500
1 0.440234 0.754297 0.042969 0.117969
1 0.722266 0.383984 0.019531 0.055469
1 0.272266 0.851562 0.063281 0.159375
1 0.862109 0.407422 0.021094 0.058594
1 0.806641 0.921094 0.050781 0.135938
1 0.725391 0.925000 0.053906 0.134375
1 0.709766 0.523828 0.025781 0.082031
1 0.723438 0.690625 0.034375 0.109375
1 0.776172 0.543359 0.027344 0.083594
1 0.525781 0.612891 0.032813 0.103906
1 0.845313 0.466406 0.021875 0.064063
1 0.801953 0.462500 0.022656 0.062500
1 0.903516 0.685938 0.041406 0.128125
1 0.425781 0.687500 0.032813 0.096875
1 0.823438 0.579688 0.028125 0.078125
1 0.475391 0.642188 0.035156 0.109375
1 0.750000 0.397266 0.018750 0.057031
1 0.793750 0.515625 0.021875 0.071875
1 0.656641 0.522266 0.028906 0.078906
1 0.230078 0.951172 0.057031 0.092969
1 0.757812 0.740625 0.037500 0.128125
1 0.902344 0.937109 0.057813 0.105469
1 0.782422 0.468750 0.024219 0.062500
1 0.801172 0.410938 0.017969 0.053125
1 0.828516 0.435938 0.019531 0.059375
1 0.771875 0.404297 0.018750 0.055469
1 0.839844 0.396875 0.017188 0.053125
2 0.651563 0.614453 0.078125 0.128906
2 0.417969 0.537109 0.070312 0.096094
2 0.703516 0.453125 0.044531 0.075000
2 0.626172 0.363672 0.027344 0.046094
2 0.663672 0.340625 0.030469 0.053125
3 0.580078 0.494141 0.094531 0.157031
