1 0.176563 0.257422 0.015625 0.055469
1 0.125391 0.198047 0.016406 0.058594
2 0.298047 0.258984 0.042969 0.055469
2 0.608984 0.448438 0.067969 0.121875
1 0.794141 0.446484 0.028906 0.096094
1 0.725391 0.357813 0.016406 0.078125
1 0.701172 0.265625 0.014844 0.046875
3 0.592187 0.673047 0.153125 0.305469
4 0.803516 0.677734 0.194531 0.317969
4 0.405078 0.204297 0.097656 0.080469
3 0.553125 0.311719 0.075000 0.201563
3 0.624609 0.286328 0.055469 0.141406
2 0.662891 0.260937 0.025781 0.046875
3 0.702344 0.222656 0.076563 0.076563
