2 0.404688 0.464063 0.093750 0.196875
1 0.275391 0.664062 0.063281 0.175000
1 0.183203 0.720703 0.047656 0.219531
1 0.227734 0.414844 0.039844 0.110938
1 0.301172 0.423438 0.030469 0.121875
1 0.178906 0.519141 0.048438 0.144531
1 0.304297 0.323047 0.024219 0.083594
1 0.377734 0.346094 0.027344 0.101562
1 0.406250 0.304688 0.018750 0.062500
1 0.439063 0.298438 0.015625 0.065625
1 0.543359 0.287891 0.017969 0.057031
1 0.760938 0.443359 0.037500 0.108594
1 0.699609 0.287500 0.021094 0.065625
1 0.399219 0.247266 0.020313 0.057031
