1 0.379297 0.294141 0.017969 0.078906
1 0.334766 0.336719 0.019531 0.085938
1 0.621484 0.252344 0.011719 0.051563
1 0.381641 0.242578 0.016406 0.069531
1 0.012500 0.947656 0.025000 0.101562
1 0.862109 0.329688 0.033594 0.059375
1 0.334375 0.263672 0.018750 0.058594
2 0.456641 0.235547 0.032031 0.046094
2 0.587500 0.227734 0.037500 0.055469
4 0.558594 0.392969 0.079688 0.185938
4 0.527344 0.183984 0.042188 0.092969
4 0.540625 0.253906 0.034375 0.073438
2 0.457813 0.167969 0.018750 0.035938
1 0.683594 0.432813 0.001563 0.003125
