4 0.440625 0.292578 0.068750 0.169531
1 0.307031 0.381641 0.023438 0.091406
1 0.251563 0.373438 0.031250 0.084375
1 0.291406 0.358203 0.023438 0.094531
1 0.316797 0.327344 0.017969 0.051563
1 0.337500 0.333203 0.025000 0.078906
1 0.368750 0.350000 0.021875 0.087500
1 0.386719 0.306250 0.023438 0.071875
1 0.221094 0.485547 0.045313 0.133594
1 0.617188 0.253906 0.018750 0.060938
1 0.112109 0.738672 0.067969 0.230469
1 0.926172 0.714063 0.046094 0.175000
1 0.316406 0.465625 0.039062 0.112500
1 0.344531 0.259375 0.017188 0.050000
1 0.315234 0.303906 0.021094 0.064063
1 0.397656 0.262500 0.017188 0.065625
