1 0.589453 0.768750 0.038281 0.187500
1 0.707031 0.603125 0.032813 0.153125
1 0.781641 0.684766 0.038281 0.166406
1 0.722656 0.807813 0.045313 0.187500
1 0.509375 0.685156 0.050000 0.151563
1 0.189063 0.703516 0.037500 0.182031
1 0.246094 0.545312 0.029688 0.140625
1 0.323828 0.378125 0.022656 0.103125
1 0.475000 0.785547 0.046875 0.167969
1 0.760156 0.592187 0.035938 0.128125
1 0.646484 0.380078 0.024219 0.094531
1 0.537109 0.301172 0.017969 0.083594
1 0.607813 0.337500 0.021875 0.084375
1 0.454688 0.660156 0.040625 0.151563
1 0.632812 0.298438 0.021875 0.078125
1 0.173438 0.371875 0.056250 0.100000
1 0.551172 0.216406 0.014844 0.060938
1 0.354688 0.283984 0.018750 0.071094
1 0.799219 0.460547 0.057813 0.092969
1 0.580469 0.212500 0.017188 0.050000
1 0.332031 0.273047 0.020313 0.067969
1 0.284375 0.296875 0.025000 0.071875
1 0.386719 0.203125 0.014063 0.053125
2 0.501953 0.575000 0.100781 0.153125
2 0.340234 0.770313 0.105469 0.262500
2 0.416406 0.187500 0.026563 0.059375
2 0.404688 0.256250 0.031250 0.050000
4 0.378125 0.425781 0.090625 0.235938
2 0.391797 0.290625 0.033594 0.040625
