1 0.858984 0.560937 0.061719 0.109375
1 0.590625 0.574219 0.065625 0.114063
1 0.603125 0.466406 0.053125 0.101562
1 0.579297 0.354688 0.024219 0.087500
1 0.676953 0.628906 0.072656 0.123438
1 0.746094 0.573828 0.073438 0.128906
1 0.582813 0.283203 0.015625 0.069531
1 0.615234 0.298828 0.017969 0.069531
1 0.345313 0.462500 0.059375 0.100000
1 0.531250 0.436719 0.043750 0.089063
1 0.392578 0.438672 0.047656 0.092969
1 0.459766 0.357813 0.032031 0.071875
1 0.839453 0.473828 0.060156 0.091406
1 0.500391 0.371094 0.032031 0.085938
1 0.369531 0.378906 0.048438 0.073438
1 0.391016 0.297266 0.013281 0.066406
1 0.275000 0.353906 0.037500 0.089063
1 0.532422 0.340625 0.021094 0.084375
1 0.541797 0.296875 0.017969 0.075000
1 0.338281 0.278516 0.017188 0.053906
1 0.723828 0.495703 0.069531 0.103906
1 0.425000 0.296484 0.018750 0.067969
2 0.139844 0.559766 0.157813 0.141406
4 0.138281 0.422266 0.229688 0.216406
4 0.691406 0.391016 0.145313 0.191406
1 0.343359 0.410938 0.046094 0.071875
1 0.355469 0.292969 0.017188 0.060938
1 0.372266 0.295313 0.016406 0.065625
1 0.443359 0.282422 0.011719 0.055469
1 0.410938 0.300781 0.012500 0.060938
1 0.438672 0.344531 0.024219 0.073438
