3 0.667188 0.299219 0.115625 0.201563
1 0.522656 0.278906 0.026563 0.110938
1 0.237500 0.398438 0.046875 0.087500
1 0.315234 0.366016 0.033594 0.103906
1 0.366406 0.319141 0.032813 0.091406
1 0.410156 0.331250 0.032813 0.112500
1 0.085156 0.415625 0.057813 0.112500
1 0.097266 0.678125 0.060156 0.178125
3 0.237109 0.748438 0.208594 0.500000
1 0.316406 0.303125 0.020313 0.071875
1 0.331250 0.260937 0.015625 0.062500
1 0.353125 0.227734 0.015625 0.058594
1 0.370313 0.248047 0.015625 0.058594
1 0.401172 0.258984 0.011719 0.055469
