1 0.143750 0.771484 0.043750 0.196094
1 0.307031 0.589453 0.029688 0.144531
1 0.380469 0.410156 0.020313 0.101562
1 0.183594 0.615625 0.039062 0.150000
1 0.775391 0.537500 0.035156 0.125000
1 0.231250 0.921094 0.062500 0.157813
1 0.745703 0.478125 0.028906 0.109375
1 0.351562 0.451172 0.021875 0.117969
1 0.626563 0.297266 0.018750 0.069531
1 0.238281 0.502734 0.026563 0.121094
1 0.354688 0.606641 0.031250 0.153906
1 0.243359 0.729688 0.039844 0.190625
1 0.673828 0.491797 0.028906 0.121094
1 0.587109 0.256641 0.014844 0.069531
1 0.926563 0.838672 0.056250 0.167969
1 0.660547 0.368750 0.021094 0.090625
1 0.689453 0.365625 0.025781 0.090625
1 0.969922 0.796875 0.036719 0.162500
1 0.863281 0.463281 0.060938 0.098438
1 0.297266 0.466016 0.022656 0.116406
1 0.720313 0.372656 0.028125 0.101562
1 0.555469 0.258594 0.017188 0.073438
1 0.325000 0.323438 0.018750 0.075000
1 0.271875 0.360938 0.021875 0.090625
1 0.682813 0.438281 0.025000 0.110938
1 0.017578 0.812109 0.032031 0.196094
1 0.668750 0.309375 0.021875 0.075000
1 0.526172 0.214063 0.014844 0.053125
1 0.317578 0.422656 0.019531 0.098438
1 0.205859 0.700391 0.033594 0.166406
2 0.361719 0.323828 0.045313 0.078906
2 0.387109 0.238281 0.042969 0.076563
3 0.387109 0.238281 0.042969 0.076563
4 0.448828 0.351953 0.066406 0.207031
1 0.289062 0.387891 0.015625 0.078906
4 0.665234 0.765234 0.177344 0.358594
2 0.805078 0.754688 0.153906 0.234375
1 0.899219 0.670313 0.045313 0.140625
1 0.869922 0.713672 0.036719 0.146094
