2 0.629297 0.612109 0.105469 0.192969
1 0.789844 0.660938 0.054688 0.175000
1 0.656641 0.305859 0.025781 0.071094
1 0.339063 0.551563 0.046875 0.159375
1 0.219922 0.621484 0.049219 0.133594
1 0.291797 0.669531 0.055469 0.173438
1 0.284766 0.434766 0.038281 0.103906
1 0.326563 0.364453 0.031250 0.103906
1 0.362500 0.304688 0.018750 0.075000
1 0.393359 0.306250 0.024219 0.062500
1 0.407031 0.544141 0.051563 0.128906
1 0.111719 0.852344 0.067187 0.235938
1 0.053906 0.756250 0.067187 0.190625
1 0.354688 0.271484 0.012500 0.055469
