1 0.159766 0.573828 0.053906 0.166406
1 0.368359 0.224609 0.017969 0.058594
1 0.292969 0.366016 0.026563 0.094531
1 0.628516 0.186719 0.016406 0.051563
1 0.512891 0.212109 0.016406 0.058594
1 0.345313 0.201563 0.015625 0.053125
1 0.481641 0.225000 0.016406 0.059375
1 0.423047 0.171875 0.014844 0.046875
1 0.640234 0.266797 0.017969 0.071094
1 0.301172 0.310156 0.021094 0.073438
1 0.587109 0.172656 0.017969 0.048438
1 0.385156 0.184375 0.017188 0.046875
1 0.651953 0.226953 0.016406 0.057031
1 0.603906 0.170703 0.014063 0.041406
1 0.347656 0.271094 0.020313 0.064063
1 0.400000 0.171875 0.015625 0.046875
4 0.419922 0.244141 0.055469 0.091406
4 0.259766 0.640234 0.366406 0.717969
