1 0.612109 0.576562 0.030469 0.084375
1 0.317578 0.743750 0.057031 0.134375
1 0.352734 0.878125 0.061719 0.159375
1 0.606250 0.479688 0.028125 0.071875
1 0.454297 0.674609 0.046094 0.117969
1 0.831250 0.561719 0.031250 0.085938
1 0.589063 0.533203 0.028125 0.078906
1 0.808984 0.534375 0.027344 0.075000
1 0.588281 0.658984 0.039062 0.108594
1 0.629688 0.675391 0.037500 0.103906
1 0.767969 0.559375 0.029688 0.078125
1 0.958203 0.897266 0.057031 0.178906
1 0.645313 0.517969 0.028125 0.076563
1 0.785938 0.838672 0.050000 0.142969
1 0.696484 0.614453 0.036719 0.103906
1 0.792188 0.503516 0.025000 0.069531
1 0.842578 0.478125 0.025781 0.071875
1 0.823828 0.727734 0.041406 0.117969
1 0.657422 0.606250 0.030469 0.090625
1 0.691016 0.503516 0.025781 0.069531
1 0.701953 0.436328 0.025781 0.066406
1 0.759375 0.492578 0.025000 0.069531
1 0.871094 0.433203 0.026563 0.066406
1 0.723438 0.446484 0.021875 0.058594
1 0.735156 0.490625 0.026563 0.071875
1 0.769922 0.621875 0.036719 0.100000
1 0.730469 0.394922 0.023438 0.055469
1 0.668359 0.518750 0.024219 0.071875
1 0.673438 0.549219 0.025000 0.076563
1 0.816016 0.797266 0.035156 0.116406
1 0.815234 0.464063 0.021094 0.062500
1 0.800000 0.448047 0.021875 0.058594
1 0.832813 0.433984 0.021875 0.055469
2 0.651172 0.812109 0.108594 0.208594
2 0.096484 0.812891 0.161719 0.169531
2 0.550000 0.466406 0.059375 0.085938
2 0.517578 0.434375 0.038281 0.059375
2 0.426172 0.495703 0.052344 0.082031
2 0.478516 0.528516 0.069531 0.094531
2 0.584375 0.387109 0.037500 0.055469
