1 0.354688 0.516797 0.034375 0.130469
1 0.267188 0.555859 0.046875 0.130469
1 0.166016 0.588281 0.050781 0.123438
1 0.233984 0.471875 0.030469 0.121875
1 0.289453 0.384375 0.044531 0.078125
1 0.305078 0.321875 0.028906 0.075000
1 0.326172 0.285547 0.014844 0.058594
1 0.344922 0.308984 0.014844 0.058594
1 0.376563 0.345703 0.025000 0.069531
1 0.642188 0.301172 0.025000 0.058594
1 0.670703 0.267188 0.019531 0.059375
1 0.076172 0.394922 0.058594 0.058594
1 0.167578 0.503125 0.035156 0.103125
4 0.453906 0.245313 0.048438 0.134375
1 0.397656 0.279297 0.017188 0.058594
1 0.362891 0.269922 0.016406 0.055469
1 0.342578 0.253516 0.013281 0.041406
