1 0.128516 0.616797 0.082031 0.121094
1 0.502344 0.697656 0.042188 0.176563
1 0.502734 0.407813 0.052344 0.087500
1 0.442578 0.448438 0.053906 0.096875
1 0.455469 0.367578 0.035938 0.082031
1 0.478906 0.326563 0.020313 0.078125
1 0.863672 0.572266 0.058594 0.107031
1 0.600000 0.394141 0.021875 0.091406
1 0.650391 0.392188 0.032031 0.084375
1 0.042188 0.655469 0.084375 0.120313
1 0.312109 0.302734 0.021094 0.067969
1 0.768359 0.452734 0.058594 0.092969
1 0.526563 0.352344 0.021875 0.085938
1 0.590625 0.342188 0.021875 0.078125
1 0.407813 0.398828 0.040625 0.091406
1 0.426953 0.341797 0.038281 0.083594
1 0.331641 0.301563 0.010156 0.062500
1 0.578516 0.285938 0.019531 0.050000
1 0.419141 0.286719 0.016406 0.051563
2 0.653125 0.319922 0.071875 0.071094
2 0.233203 0.453906 0.128906 0.089063
2 0.135547 0.523438 0.177344 0.115625
1 0.399609 0.285938 0.017969 0.059375
1 0.353125 0.290625 0.015625 0.065625
1 0.379297 0.281250 0.011719 0.062500
1 0.543359 0.287500 0.021094 0.062500
1 0.515234 0.305469 0.017969 0.060938
