1 0.723438 0.438672 0.021875 0.058594
1 0.361719 0.870313 0.060938 0.162500
1 0.776172 0.434766 0.021094 0.053906
1 0.410938 0.644141 0.040625 0.103906
1 0.792969 0.519141 0.026563 0.069531
1 0.777344 0.759375 0.045313 0.125000
1 0.495313 0.600000 0.040625 0.100000
1 0.705078 0.422266 0.022656 0.053906
1 0.759766 0.494141 0.025781 0.069531
1 0.589844 0.600000 0.035938 0.096875
1 0.729297 0.573438 0.030469 0.087500
1 0.752734 0.451563 0.021094 0.053125
1 0.562109 0.546484 0.027344 0.080469
1 0.642188 0.605859 0.034375 0.092969
1 0.346875 0.769141 0.050000 0.116406
1 0.815234 0.585938 0.030469 0.078125
1 0.692969 0.551172 0.026563 0.071094
1 0.701172 0.479688 0.024219 0.062500
1 0.958203 0.882812 0.050781 0.171875
1 0.751563 0.410156 0.018750 0.048438
1 0.701563 0.616016 0.037500 0.091406
1 0.798438 0.630078 0.034375 0.094531
1 0.723438 0.392578 0.018750 0.044531
1 0.795313 0.466016 0.021875 0.053906
1 0.856250 0.521875 0.028125 0.075000
1 0.862891 0.447266 0.022656 0.053906
1 0.653906 0.547266 0.029688 0.078906
1 0.742969 0.366016 0.017188 0.041406
1 0.829688 0.468750 0.021875 0.059375
1 0.770313 0.394141 0.018750 0.044531
1 0.651563 0.507812 0.028125 0.065625
1 0.808984 0.409375 0.017969 0.050000
1 0.950391 0.744141 0.060156 0.132031
1 0.850781 0.409375 0.014063 0.046875
1 0.855078 0.480859 0.022656 0.058594
1 0.221484 0.936328 0.080469 0.119531
2 0.330078 0.560156 0.085156 0.098438
2 0.525781 0.501563 0.064063 0.087500
2 0.607031 0.417578 0.048438 0.069531
2 0.661328 0.339844 0.025781 0.039062
2 0.641016 0.371094 0.032031 0.048438
2 0.402344 0.576172 0.085938 0.096094
2 0.626172 0.316406 0.024219 0.039062
1 0.835156 0.412500 0.014063 0.046875
