1 0.846875 0.462891 0.025000 0.069531
1 0.760547 0.381250 0.017969 0.046875
1 0.721094 0.685547 0.039062 0.108594
1 0.469922 0.786719 0.052344 0.139063
1 0.776953 0.439063 0.019531 0.053125
1 0.808203 0.418750 0.019531 0.050000
1 0.551172 0.607813 0.039844 0.103125
1 0.789453 0.476562 0.022656 0.065625
1 0.816016 0.383984 0.016406 0.042969
1 0.601953 0.684375 0.041406 0.115625
1 0.688281 0.439063 0.023438 0.065625
1 0.439063 0.710938 0.046875 0.128125
1 0.791016 0.404688 0.019531 0.053125
1 0.317578 0.934766 0.072656 0.107031
1 0.868750 0.369922 0.018750 0.046094
1 0.797266 0.366406 0.013281 0.039062
1 0.829688 0.353906 0.015625 0.039062
1 0.778516 0.343750 0.013281 0.037500
2 0.105859 0.710938 0.139844 0.134375
2 0.630859 0.324219 0.030469 0.048438
2 0.668359 0.303125 0.024219 0.037500
2 0.636328 0.281250 0.022656 0.034375
3 0.563281 0.431250 0.079688 0.115625
