1 0.170703 0.769141 0.069531 0.194531
1 0.919531 0.676953 0.060938 0.166406
1 0.146094 0.359375 0.029688 0.084375
1 0.169922 0.337891 0.024219 0.078906
2 0.549219 0.366797 0.051563 0.096094
4 0.566406 0.249219 0.070312 0.101562
4 0.253906 0.300000 0.054688 0.084375
2 0.291797 0.234766 0.046094 0.053906
2 0.252734 0.209375 0.039844 0.034375
1 0.431250 0.219141 0.028125 0.041406
1 0.504688 0.237109 0.025000 0.042969
1 0.530469 0.235547 0.020313 0.042969
3 0.164453 0.185938 0.038281 0.046875
1 0.125000 0.228516 0.015625 0.041406
4 0.655859 0.196875 0.158594 0.084375
4 0.696094 0.222656 0.145313 0.076563
