1 0.178906 0.387891 0.026563 0.091406
1 0.128125 0.387109 0.028125 0.083594
1 0.126562 0.241406 0.018750 0.048438
2 0.620313 0.296484 0.043750 0.067969
1 0.794141 0.454688 0.028906 0.084375
2 0.481250 0.223047 0.059375 0.055469
1 0.395703 0.220313 0.022656 0.040625
2 0.631250 0.246875 0.043750 0.046875
4 0.676172 0.253125 0.052344 0.071875
4 0.307031 0.204688 0.064063 0.071875
2 0.183203 0.203906 0.028906 0.039062
2 0.730078 0.213672 0.038281 0.033594
1 0.521484 0.236719 0.017969 0.039062
1 0.252344 0.215625 0.020313 0.034375
1 0.220313 0.207813 0.015625 0.034375
