1 0.486719 0.909766 0.076563 0.157031
1 0.235547 0.492188 0.027344 0.121875
1 0.236719 0.668359 0.039062 0.171094
1 0.683203 0.410156 0.028906 0.098438
1 0.188672 0.659375 0.036719 0.162500
1 0.758984 0.579297 0.036719 0.130469
1 0.122656 0.490625 0.032813 0.115625
1 0.751953 0.435156 0.028906 0.101562
1 0.134766 0.837109 0.050781 0.205469
1 0.175781 0.908984 0.067187 0.167969
1 0.633594 0.351562 0.020313 0.096875
1 0.682422 0.950391 0.061719 0.094531
1 0.663672 0.322266 0.017969 0.078906
1 0.348438 0.286328 0.021875 0.069531
1 0.375781 0.357422 0.017188 0.080469
1 0.204297 0.559766 0.033594 0.116406
1 0.313672 0.311719 0.030469 0.073438
1 0.183203 0.554688 0.028906 0.121875
1 0.697266 0.392578 0.025781 0.094531
2 0.433203 0.297656 0.028906 0.064063
2 0.466016 0.336719 0.057031 0.098438
2 0.620313 0.630078 0.093750 0.207031
2 0.313281 0.388281 0.123438 0.123438
2 0.512109 0.187500 0.027344 0.059375
4 0.555469 0.333984 0.060938 0.142969
4 0.397266 0.256641 0.041406 0.107031
1 0.162109 0.497266 0.021094 0.103906
