2 0.364063 0.530078 0.090625 0.194531
1 0.142969 0.918750 0.064063 0.162500
1 0.262891 0.769141 0.050781 0.216406
1 0.291797 0.557813 0.024219 0.128125
1 0.474219 0.774219 0.048438 0.189063
1 0.475000 0.340625 0.015625 0.075000
1 0.511328 0.400391 0.022656 0.078906
1 0.539453 0.372266 0.016406 0.078906
1 0.534766 0.302344 0.013281 0.051563
1 0.498047 0.314453 0.014844 0.057031
1 0.379297 0.373438 0.017969 0.065625
1 0.427344 0.305469 0.014063 0.064063
1 0.393359 0.310156 0.017969 0.060938
1 0.365625 0.414453 0.018750 0.057031
1 0.518750 0.338281 0.012500 0.051563
