1 0.705078 0.449609 0.019531 0.083594
1 0.511328 0.366406 0.022656 0.085938
1 0.795313 0.543750 0.031250 0.115625
1 0.261328 0.703516 0.032031 0.178906
1 0.605469 0.420703 0.026563 0.091406
1 0.222656 0.363672 0.042188 0.083594
1 0.635156 0.421094 0.026563 0.089063
1 0.746094 0.493750 0.032813 0.112500
1 0.221484 0.573438 0.033594 0.125000
1 0.851562 0.768750 0.056250 0.190625
1 0.307422 0.530469 0.027344 0.135938
1 0.675781 0.462109 0.026563 0.105469
1 0.190234 0.464844 0.024219 0.123438
1 0.184375 0.423438 0.031250 0.103125
1 0.339844 0.573438 0.026563 0.137500
1 0.376172 0.393359 0.021094 0.096094
1 0.215625 0.492578 0.028125 0.107031
1 0.255078 0.589453 0.032031 0.119531
1 0.853906 0.462891 0.060938 0.094531
1 0.301563 0.478906 0.034375 0.126562
1 0.359766 0.476953 0.028906 0.119531
1 0.752344 0.416406 0.020313 0.064063
1 0.397656 0.342969 0.020313 0.098438
1 0.347266 0.436328 0.028906 0.107031
1 0.704297 0.392578 0.014844 0.044531
2 0.077734 0.487500 0.155469 0.146875
2 0.558203 0.362891 0.053906 0.094531
2 0.457813 0.350000 0.040625 0.112500
2 0.301172 0.358594 0.102344 0.114063
2 0.620313 0.615625 0.134375 0.275000
2 0.455859 0.269922 0.030469 0.058594
4 0.424219 0.603125 0.139063 0.409375
4 0.760156 0.875000 0.173438 0.250000
2 0.608984 0.321875 0.096094 0.065625
1 0.588281 0.339063 0.023438 0.065625
1 0.614844 0.353125 0.017188 0.062500
1 0.680469 0.390234 0.020313 0.058594
1 0.882422 0.734766 0.042969 0.157031
1 0.776172 0.478516 0.027344 0.094531
