1 0.062500 0.532031 0.034375 0.126562
3 0.556250 0.482813 0.137500 0.415625
2 0.733984 0.642188 0.133594 0.187500
2 0.644141 0.444531 0.063281 0.110938
2 0.604688 0.337891 0.037500 0.078906
1 0.716016 0.280469 0.013281 0.051563
4 0.632812 0.253906 0.056250 0.098438
4 0.524609 0.241406 0.052344 0.064063
4 0.580078 0.221875 0.063281 0.096875
4 0.678125 0.215234 0.043750 0.055469
2 0.292578 0.209375 0.063281 0.053125
4 0.178906 0.180078 0.070312 0.094531
1 0.134375 0.203516 0.021875 0.044531
1 0.092969 0.200000 0.010938 0.034375
