1 0.231641 0.784375 0.053906 0.128125
1 0.284375 0.868359 0.056250 0.130469
1 0.180469 0.863672 0.067187 0.155469
1 0.600000 0.684375 0.028125 0.096875
1 0.527344 0.711328 0.042188 0.116406
1 0.548047 0.550000 0.033594 0.087500
1 0.708203 0.392578 0.022656 0.057031
1 0.450000 0.781250 0.046875 0.121875
1 0.669141 0.689063 0.041406 0.112500
1 0.576562 0.665234 0.031250 0.117969
1 0.816797 0.423438 0.021094 0.059375
1 0.795313 0.450000 0.025000 0.065625
1 0.824219 0.503125 0.029688 0.078125
1 0.349219 0.745703 0.054688 0.132031
1 0.731250 0.395313 0.018750 0.053125
1 0.471094 0.697266 0.042188 0.107031
1 0.832813 0.407422 0.021875 0.055469
1 0.673828 0.458203 0.016406 0.057031
1 0.625781 0.744141 0.039062 0.116406
1 0.867969 0.460938 0.029688 0.075000
1 0.739844 0.460547 0.026563 0.071094
1 0.267969 0.933984 0.057813 0.105469
1 0.755078 0.407813 0.019531 0.053125
1 0.779688 0.407422 0.018750 0.055469
1 0.658594 0.482813 0.017188 0.046875
1 0.737891 0.421875 0.019531 0.053125
1 0.801563 0.408594 0.018750 0.051563
2 0.626563 0.591406 0.062500 0.101562
2 0.057422 0.757812 0.111719 0.150000
2 0.639844 0.856250 0.120313 0.090625
2 0.462109 0.475781 0.058594 0.076563
2 0.667969 0.534375 0.057813 0.096875
2 0.607813 0.366406 0.028125 0.051563
2 0.557813 0.447266 0.053125 0.078906
2 0.657813 0.351172 0.025000 0.046094
2 0.692969 0.363672 0.023438 0.042969
