1 0.147266 0.303125 0.022656 0.087500
1 0.691797 0.260156 0.014844 0.048438
2 0.596484 0.728516 0.121094 0.203906
2 0.659375 0.495313 0.081250 0.134375
2 0.536328 0.383984 0.053906 0.105469
2 0.603516 0.375000 0.057031 0.090625
2 0.823438 0.831641 0.200000 0.282031
3 0.669141 0.942969 0.203906 0.114063
2 0.531250 0.312500 0.043750 0.046875
2 0.444922 0.215625 0.058594 0.046875
2 0.536719 0.273828 0.042188 0.041406
2 0.606250 0.315625 0.043750 0.050000
2 0.605078 0.278906 0.035156 0.035938
2 0.661719 0.235938 0.042188 0.050000
4 0.597266 0.233594 0.069531 0.073438
2 0.278516 0.236328 0.050781 0.053906
4 0.144922 0.205078 0.042969 0.082031
