1 0.697656 0.715625 0.042188 0.178125
1 0.596875 0.396875 0.018750 0.096875
1 0.785156 0.645703 0.039062 0.157031
1 0.135547 0.629688 0.036719 0.153125
1 0.560156 0.399219 0.020313 0.101562
1 0.347266 0.577344 0.041406 0.160938
1 0.324219 0.811328 0.039062 0.194531
1 0.212500 0.476953 0.059375 0.094531
1 0.283594 0.697266 0.039062 0.169531
1 0.134375 0.490625 0.034375 0.112500
1 0.872656 0.756250 0.051563 0.153125
1 0.019922 0.922266 0.039844 0.153906
1 0.185156 0.393750 0.048438 0.084375
1 0.735938 0.906641 0.059375 0.169531
1 0.615625 0.491016 0.025000 0.116406
1 0.283594 0.530469 0.032813 0.135938
1 0.651172 0.420313 0.021094 0.096875
1 0.726953 0.479688 0.032031 0.115625
1 0.909375 0.712500 0.053125 0.146875
1 0.782813 0.503125 0.031250 0.109375
1 0.138281 0.895313 0.070312 0.209375
1 0.698438 0.365625 0.028125 0.087500
1 0.292187 0.375391 0.015625 0.078906
1 0.651172 0.280078 0.021094 0.066406
1 0.524609 0.244141 0.014844 0.066406
1 0.417188 0.381641 0.018750 0.107031
1 0.314453 0.451563 0.025781 0.125000
1 0.182813 0.918359 0.059375 0.142969
1 0.622266 0.364453 0.019531 0.082031
1 0.596875 0.271094 0.015625 0.060938
1 0.970703 0.728906 0.041406 0.164062
1 0.269531 0.435156 0.020313 0.098438
1 0.620703 0.310156 0.019531 0.076563
1 0.564844 0.280859 0.017188 0.071094
1 0.549219 0.286719 0.023438 0.073438
1 0.674609 0.378906 0.024219 0.089063
1 0.641797 0.352344 0.021094 0.073438
1 0.962109 0.879688 0.052344 0.153125
1 0.382422 0.420313 0.017969 0.084375
1 0.339063 0.325000 0.021875 0.087500
1 0.337891 0.383984 0.016406 0.083594
1 0.728906 0.408594 0.026563 0.085938
1 0.373047 0.321875 0.017969 0.059375
1 0.367578 0.384375 0.013281 0.062500
1 0.365234 0.464453 0.021094 0.082031
1 0.411328 0.300391 0.013281 0.066406
2 0.566797 0.907813 0.161719 0.159375
2 0.464844 0.659375 0.126562 0.196875
2 0.887109 0.924609 0.174219 0.142969
4 0.457813 0.367578 0.065625 0.178906
4 0.461719 0.253516 0.039062 0.091406
1 0.328906 0.532031 0.026563 0.126562
1 0.483984 0.555859 0.052344 0.108594
1 0.303906 0.399219 0.017188 0.085938
1 0.349609 0.410938 0.014844 0.084375
1 0.391797 0.379297 0.014844 0.071094
1 0.312500 0.335547 0.018750 0.071094
