2 0.633984 0.534375 0.089844 0.146875
2 0.570312 0.279297 0.043750 0.067969
3 0.587891 0.191797 0.075781 0.121094
2 0.383594 0.612891 0.114063 0.241406
2 0.438281 0.348828 0.076563 0.141406
1 0.217578 0.496484 0.038281 0.096094
1 0.272656 0.495313 0.042188 0.109375
1 0.180859 0.697656 0.058594 0.198438
1 0.082031 0.402734 0.070312 0.096094
1 0.250781 0.387500 0.032813 0.075000
1 0.324219 0.340625 0.029688 0.084375
1 0.367969 0.339063 0.026563 0.075000
1 0.288672 0.332031 0.033594 0.098438
1 0.271484 0.403125 0.027344 0.084375
1 0.271094 0.587891 0.039062 0.132031
1 0.142578 0.645703 0.041406 0.157031
1 0.332422 0.278125 0.017969 0.062500
1 0.363281 0.259375 0.017188 0.075000
1 0.386328 0.291016 0.016406 0.078906
1 0.401953 0.310938 0.022656 0.084375
1 0.389453 0.224609 0.019531 0.067969
1 0.412500 0.233203 0.015625 0.057031
1 0.654688 0.221484 0.018750 0.058594
1 0.636719 0.191406 0.020313 0.060938
1 0.619922 0.188672 0.017969 0.055469
