1 0.448047 0.869141 0.055469 0.153906
1 0.355859 0.797266 0.058594 0.141406
1 0.790234 0.437109 0.021094 0.058594
1 0.808203 0.628125 0.035156 0.090625
1 0.594922 0.853125 0.046094 0.137500
1 0.634375 0.489844 0.028125 0.076563
1 0.846484 0.715625 0.036719 0.103125
1 0.853906 0.409766 0.020313 0.053906
1 0.653125 0.654688 0.046875 0.109375
1 0.729297 0.674219 0.039844 0.101562
1 0.710547 0.476562 0.027344 0.071875
1 0.814453 0.460938 0.022656 0.062500
1 0.751563 0.450781 0.025000 0.064063
1 0.517578 0.602734 0.041406 0.096094
1 0.768359 0.463672 0.021094 0.055469
1 0.740234 0.367188 0.014844 0.050000
1 0.606250 0.767578 0.043750 0.103906
1 0.838281 0.391797 0.017188 0.046094
1 0.768359 0.366016 0.017969 0.044531
2 0.082031 0.739844 0.139063 0.148438
2 0.734375 0.591016 0.109375 0.094531
2 0.705859 0.412109 0.046094 0.071094
2 0.598047 0.375391 0.036719 0.057031
2 0.619531 0.337109 0.029688 0.042969
2 0.762109 0.528125 0.064844 0.062500
3 0.448828 0.518750 0.178906 0.196875
