1 0.709766 0.423047 0.041406 0.105469
1 0.250000 0.573828 0.046875 0.169531
1 0.216406 0.535156 0.032813 0.123438
1 0.165625 0.514062 0.037500 0.146875
1 0.107422 0.608984 0.049219 0.158594
1 0.078906 0.388281 0.064063 0.076563
1 0.247266 0.361719 0.035156 0.076563
1 0.212891 0.441797 0.041406 0.105469
1 0.274609 0.468750 0.036719 0.096875
1 0.330469 0.354297 0.035938 0.083594
1 0.301563 0.324219 0.028125 0.076563
3 0.440234 0.266797 0.080469 0.180469
2 0.230859 0.828516 0.186719 0.341406
1 0.373828 0.295313 0.025781 0.078125
1 0.349219 0.305859 0.023438 0.058594
1 0.323438 0.271875 0.021875 0.059375
1 0.647266 0.289062 0.025781 0.071875
1 0.626172 0.256250 0.021094 0.050000
