2 0.348828 0.800391 0.172656 0.378906
2 0.628516 0.800391 0.166406 0.316406
2 0.762500 0.561719 0.146875 0.235938
2 0.582813 0.527734 0.093750 0.183594
2 0.581250 0.525000 0.090625 0.175000
4 0.566406 0.345703 0.073438 0.178906
2 0.667188 0.372266 0.068750 0.141406
1 0.747266 0.366797 0.035156 0.121094
1 0.080078 0.409375 0.075781 0.103125
1 0.204297 0.290625 0.049219 0.046875
1 0.283594 0.336719 0.035938 0.076563
1 0.358594 0.254688 0.020313 0.059375
1 0.622266 0.228516 0.016406 0.066406
1 0.652344 0.273047 0.023438 0.058594
1 0.686328 0.282813 0.016406 0.053125
1 0.891797 0.613672 0.039844 0.142969
1 0.419531 0.243359 0.017188 0.058594
1 0.354297 0.208984 0.014844 0.046094
