1 0.315625 0.687109 0.037500 0.171094
1 0.892969 0.786328 0.051563 0.169531
1 0.276562 0.493750 0.031250 0.121875
1 0.157031 0.423047 0.045313 0.092969
1 0.337891 0.396875 0.022656 0.115625
1 0.017188 0.367578 0.034375 0.091406
1 0.324609 0.508984 0.024219 0.133594
1 0.419141 0.660156 0.038281 0.176563
1 0.264453 0.606250 0.035156 0.153125
1 0.364063 0.785938 0.037500 0.190625
1 0.691016 0.338672 0.019531 0.092969
1 0.255469 0.378906 0.042188 0.089063
1 0.588281 0.413281 0.045313 0.089063
1 0.589844 0.216797 0.014063 0.055469
1 0.308984 0.450391 0.030469 0.103906
1 0.176172 0.367969 0.061719 0.089063
1 0.301172 0.350781 0.021094 0.089063
1 0.353125 0.339844 0.021875 0.085938
2 0.542188 0.360156 0.112500 0.101562
2 0.414062 0.351562 0.053125 0.096875
2 0.536328 0.267578 0.044531 0.066406
2 0.509375 0.185156 0.034375 0.073438
3 0.083594 0.519922 0.126562 0.146094
4 0.667578 0.588281 0.166406 0.339063
4 0.455469 0.255469 0.035938 0.089063
4 0.508984 0.178125 0.033594 0.075000
4 0.417578 0.158203 0.028906 0.082031
4 0.399609 0.268359 0.042969 0.096094
1 0.321484 0.362109 0.017969 0.067969
