1 0.628516 0.840625 0.041406 0.140625
1 0.447656 0.922266 0.054688 0.132031
1 0.628516 0.531250 0.028906 0.084375
1 0.550000 0.675000 0.037500 0.112500
1 0.762891 0.867188 0.047656 0.150000
1 0.660938 0.783984 0.037500 0.133594
1 0.817578 0.656641 0.032031 0.094531
1 0.689844 0.532813 0.026563 0.075000
1 0.619922 0.647266 0.033594 0.107031
1 0.588281 0.572266 0.029688 0.094531
1 0.485156 0.686328 0.039062 0.119531
1 0.861328 0.897656 0.047656 0.151563
1 0.769141 0.449609 0.022656 0.058594
1 0.845313 0.478125 0.025000 0.071875
1 0.813672 0.797266 0.039844 0.128906
1 0.680859 0.647266 0.030469 0.094531
1 0.716016 0.798047 0.041406 0.133594
1 0.758984 0.712500 0.036719 0.109375
1 0.760938 0.480859 0.025000 0.071094
1 0.798438 0.590625 0.031250 0.090625
1 0.806250 0.488672 0.025000 0.071094
1 0.823828 0.453516 0.019531 0.057031
1 0.755078 0.383984 0.019531 0.055469
1 0.542578 0.553125 0.022656 0.087500
1 0.721094 0.419141 0.020313 0.053906
1 0.666016 0.675781 0.032031 0.098438
1 0.557813 0.571094 0.028125 0.085938
1 0.042578 0.939844 0.069531 0.114063
1 0.816016 0.425781 0.016406 0.048438
1 0.884375 0.390234 0.025000 0.055469
2 0.696484 0.458984 0.042969 0.067969
2 0.596484 0.433203 0.042969 0.057031
