1 0.875781 0.575000 0.054688 0.153125
3 0.575391 0.354297 0.110156 0.267969
1 0.329688 0.341797 0.028125 0.096094
1 0.355078 0.354688 0.022656 0.065625
1 0.424609 0.296094 0.014844 0.060938
1 0.261719 0.332422 0.026563 0.080469
1 0.280078 0.378125 0.028906 0.087500
1 0.076563 0.392969 0.065625 0.085938
1 0.354297 0.254688 0.014844 0.062500
1 0.388672 0.264453 0.017969 0.066406
1 0.353906 0.290234 0.017188 0.058594
4 0.207813 0.696484 0.415625 0.605469
1 0.655078 0.227734 0.019531 0.067969
1 0.601953 0.216406 0.019531 0.064063
1 0.408984 0.214453 0.017969 0.053906
1 0.402734 0.278125 0.014844 0.062500
