1 0.555078 0.676172 0.035156 0.108594
1 0.609766 0.771484 0.032031 0.130469
1 0.596875 0.683984 0.028125 0.108594
1 0.576172 0.596484 0.021094 0.080469
1 0.582813 0.513281 0.021875 0.076563
1 0.646484 0.535547 0.017969 0.080469
1 0.680078 0.664844 0.035156 0.101562
1 0.821484 0.751563 0.039844 0.125000
1 0.775391 0.625391 0.022656 0.103906
1 0.739844 0.598047 0.023438 0.092969
1 0.703906 0.517969 0.020313 0.076563
1 0.713672 0.567969 0.017969 0.085938
1 0.776953 0.530078 0.022656 0.078906
1 0.830078 0.533594 0.022656 0.085938
1 0.799609 0.455859 0.014844 0.058594
1 0.706641 0.446484 0.016406 0.055469
1 0.737109 0.441016 0.014844 0.053906
1 0.725391 0.396094 0.016406 0.051563
1 0.774609 0.420703 0.014844 0.053906
1 0.765625 0.489453 0.015625 0.057031
1 0.816016 0.398047 0.013281 0.042969
1 0.844141 0.386328 0.016406 0.069531
1 0.806250 0.371875 0.012500 0.040625
1 0.791406 0.390234 0.010938 0.046094
1 0.760547 0.412109 0.011719 0.042969
1 0.751172 0.373047 0.011719 0.030469
1 0.750000 0.407813 0.009375 0.050000
1 0.751563 0.309766 0.009375 0.028906
1 0.792578 0.332031 0.013281 0.035938
1 0.812891 0.308594 0.007031 0.026563
1 0.685156 0.486719 0.020313 0.064063
3 0.663672 0.293750 0.027344 0.075000
2 0.317578 0.589453 0.091406 0.094531
2 0.582422 0.430469 0.039844 0.060938
2 0.626953 0.387891 0.038281 0.053906
2 0.595703 0.380078 0.025781 0.044531
2 0.629688 0.340234 0.021875 0.042969
2 0.706641 0.341016 0.025781 0.041406
