2 0.391797 0.587109 0.099219 0.108594
2 0.456641 0.491016 0.082031 0.094531
2 0.566016 0.409375 0.044531 0.075000
2 0.603906 0.362500 0.039062 0.040625
2 0.644922 0.366016 0.049219 0.057031
1 0.616406 0.457422 0.032813 0.071094
1 0.584375 0.501953 0.028125 0.069531
1 0.541406 0.547656 0.035938 0.060938
1 0.493750 0.581250 0.031250 0.084375
4 0.512109 0.701172 0.083594 0.146094
1 0.414062 0.699609 0.043750 0.133594
1 0.362500 0.702344 0.053125 0.135938
1 0.485547 0.828516 0.061719 0.144531
1 0.599219 0.778516 0.064063 0.103906
1 0.583984 0.894922 0.071094 0.142969
1 0.629688 0.639063 0.046875 0.090625
1 0.637500 0.563281 0.028125 0.073438
1 0.636719 0.507422 0.035938 0.055469
1 0.669531 0.525781 0.032813 0.060938
1 0.695703 0.505469 0.032031 0.076563
1 0.727734 0.522656 0.039844 0.085938
1 0.742578 0.563281 0.025781 0.064063
1 0.796484 0.571875 0.030469 0.071875
1 0.824609 0.505078 0.027344 0.069531
1 0.865234 0.512500 0.030469 0.084375
1 0.787500 0.494141 0.021875 0.053906
1 0.756641 0.478125 0.019531 0.062500
1 0.740234 0.461719 0.027344 0.064063
1 0.775000 0.447266 0.018750 0.044531
1 0.801563 0.462891 0.021875 0.066406
1 0.828906 0.445312 0.023438 0.065625
2 0.707422 0.437500 0.058594 0.090625
1 0.649609 0.439844 0.024219 0.064063
