2 0.646094 0.377734 0.079688 0.146094
1 0.568359 0.310938 0.033594 0.100000
1 0.710156 0.330078 0.023438 0.094531
1 0.592969 0.751953 0.057813 0.178906
1 0.549609 0.446875 0.042969 0.125000
1 0.078516 0.399609 0.063281 0.080469
1 0.191406 0.414062 0.045313 0.103125
1 0.300000 0.386328 0.031250 0.094531
1 0.314844 0.339063 0.020313 0.078125
1 0.352344 0.285547 0.023438 0.071094
1 0.485156 0.267578 0.023438 0.078906
3 0.411719 0.389844 0.110938 0.285938
1 0.377734 0.215625 0.008594 0.040625
1 0.675000 0.244141 0.021875 0.078906
1 0.635156 0.205078 0.023438 0.066406
