1 0.374219 0.415625 0.035938 0.100000
2 0.725000 0.526172 0.112500 0.183594
1 0.689844 0.641016 0.042188 0.141406
1 0.722266 0.408594 0.028906 0.085938
1 0.691406 0.344922 0.026563 0.096094
1 0.634766 0.290625 0.028906 0.062500
3 0.552734 0.269141 0.077344 0.157031
1 0.307031 0.461328 0.048438 0.141406
1 0.304688 0.364063 0.034375 0.087500
1 0.353125 0.284375 0.025000 0.071875
1 0.396875 0.281641 0.021875 0.091406
1 0.251172 0.364844 0.030469 0.085938
1 0.129297 0.596875 0.046094 0.150000
1 0.221094 0.640625 0.045313 0.128125
1 0.223047 0.498828 0.036719 0.107031
1 0.080859 0.397656 0.064844 0.076563
1 0.361328 0.228516 0.019531 0.066406
