2 0.605859 0.689844 0.152344 0.248438
2 0.585547 0.460547 0.086719 0.183594
2 0.528125 0.255078 0.034375 0.069531
2 0.598047 0.247656 0.046094 0.076563
2 0.663672 0.351953 0.074219 0.116406
1 0.776563 0.632422 0.068750 0.158594
1 0.735156 0.482031 0.057813 0.123438
1 0.718750 0.375781 0.025000 0.085938
1 0.302344 0.329688 0.026563 0.090625
1 0.360938 0.314063 0.040625 0.087500
1 0.428125 0.295313 0.025000 0.084375
1 0.208594 0.291797 0.042188 0.033594
1 0.086328 0.403516 0.078906 0.094531
4 0.567188 0.340234 0.068750 0.117969
1 0.652734 0.246875 0.021094 0.065625
1 0.733594 0.342188 0.032813 0.075000
