1 0.190234 0.867188 0.067969 0.165625
1 0.299609 0.908594 0.071094 0.148438
1 0.597266 0.910156 0.050781 0.148438
1 0.356250 0.603516 0.031250 0.091406
1 0.620703 0.810938 0.041406 0.128125
1 0.269141 0.795313 0.053906 0.137500
1 0.430859 0.882422 0.058594 0.171094
1 0.514453 0.857813 0.057031 0.175000
1 0.378125 0.646875 0.037500 0.096875
1 0.810938 0.475000 0.018750 0.059375
1 0.824609 0.507031 0.027344 0.076563
1 0.735938 0.744922 0.040625 0.133594
1 0.762109 0.453906 0.021094 0.064063
1 0.738672 0.451563 0.021094 0.065625
1 0.840234 0.435547 0.021094 0.058594
1 0.333203 0.815625 0.050781 0.140625
1 0.401953 0.808984 0.038281 0.133594
1 0.854297 0.482813 0.027344 0.071875
1 0.717969 0.467578 0.023438 0.069531
1 0.657422 0.448828 0.024219 0.066406
1 0.878516 0.425000 0.025781 0.062500
1 0.666406 0.408594 0.017188 0.051563
1 0.776953 0.434766 0.019531 0.057031
1 0.821094 0.448828 0.020313 0.057031
1 0.556250 0.515234 0.028125 0.080469
1 0.793750 0.423828 0.018750 0.053906
1 0.687891 0.449219 0.013281 0.051563
1 0.379688 0.741016 0.034375 0.116406
1 0.752734 0.385156 0.021094 0.051563
1 0.448438 0.728906 0.037500 0.110938
1 0.805859 0.411719 0.017969 0.048438
1 0.457813 0.828125 0.046875 0.150000
1 0.419531 0.685547 0.026563 0.092969
1 0.687891 0.432031 0.010156 0.048438
1 0.841016 0.393359 0.019531 0.046094
2 0.135938 0.703125 0.146875 0.153125
2 0.548047 0.458984 0.052344 0.080469
2 0.651563 0.543359 0.056250 0.092969
2 0.614453 0.616406 0.063281 0.114063
2 0.689844 0.380859 0.035938 0.055469
3 0.497266 0.616016 0.085156 0.169531
2 0.600781 0.360938 0.032813 0.040625
2 0.660156 0.366406 0.029688 0.048438
2 0.707031 0.421875 0.032813 0.053125
2 0.676563 0.489844 0.040625 0.073438
2 0.621094 0.337500 0.029688 0.050000
1 0.698828 0.432031 0.010156 0.048438
