1 0.234766 0.425781 0.025781 0.110938
1 0.308203 0.382422 0.035156 0.096094
1 0.322656 0.296875 0.020313 0.071875
1 0.349609 0.234375 0.021094 0.046875
1 0.377344 0.202344 0.014063 0.051563
1 0.604688 0.345313 0.025000 0.084375
1 0.752344 0.409766 0.032813 0.107031
1 0.847266 0.602734 0.057031 0.155469
1 0.663281 0.252344 0.020313 0.064063
1 0.637109 0.226562 0.014844 0.053125
2 0.441016 0.253906 0.041406 0.073438
2 0.403125 0.214844 0.040625 0.064063
2 0.376172 0.561328 0.105469 0.216406
2 0.663672 0.426172 0.074219 0.121094
2 0.526172 0.234375 0.046094 0.071875
4 0.542578 0.289062 0.053906 0.134375
4 0.603906 0.224609 0.045313 0.108594
4 0.469531 0.182813 0.029688 0.090625
