1 0.214844 0.813281 0.045313 0.210938
1 0.893750 0.714063 0.046875 0.150000
1 0.598438 0.441406 0.050000 0.101562
1 0.275391 0.893750 0.047656 0.187500
1 0.801563 0.550781 0.034375 0.123438
1 0.692188 0.476562 0.025000 0.103125
1 0.645703 0.369141 0.016406 0.082031
1 0.739844 0.544922 0.029688 0.121094
1 0.274219 0.552344 0.029688 0.139063
1 0.335547 0.479688 0.027344 0.121875
1 0.402344 0.287500 0.020313 0.075000
1 0.571484 0.282813 0.017969 0.062500
1 0.377344 0.344141 0.023438 0.091406
1 0.607031 0.354688 0.023438 0.087500
1 0.337891 0.392188 0.019531 0.090625
1 0.728125 0.459375 0.025000 0.100000
1 0.334375 0.341797 0.021875 0.083594
1 0.362500 0.314453 0.021875 0.078906
1 0.688281 0.407031 0.023438 0.085938
1 0.629688 0.297266 0.015625 0.069531
1 0.426953 0.215625 0.013281 0.059375
1 0.315234 0.451172 0.024219 0.108594
1 0.667578 0.338281 0.016406 0.073438
1 0.387891 0.271484 0.019531 0.067969
1 0.719922 0.409375 0.027344 0.084375
1 0.598438 0.298828 0.018750 0.066406
1 0.409766 0.229688 0.016406 0.059375
2 0.675391 0.658594 0.128906 0.214063
2 0.122656 0.403125 0.142187 0.109375
2 0.464453 0.189063 0.028906 0.059375
2 0.443750 0.339453 0.043750 0.082031
2 0.458594 0.260547 0.035938 0.071094
2 0.417969 0.158984 0.023438 0.046094
2 0.526953 0.199219 0.032031 0.048438
4 0.534375 0.271094 0.053125 0.123438
2 0.535547 0.844922 0.236719 0.283594
