2 0.583594 0.469531 0.085938 0.151563
1 0.713672 0.485156 0.042969 0.110938
2 0.726562 0.872266 0.237500 0.253906
1 0.329688 0.594141 0.046875 0.128906
1 0.395703 0.569922 0.047656 0.117969
1 0.269922 0.459766 0.030469 0.116406
1 0.188672 0.510547 0.042969 0.117969
1 0.191406 0.615625 0.039062 0.103125
1 0.219531 0.687891 0.039062 0.169531
1 0.262500 0.578125 0.050000 0.121875
1 0.325000 0.340625 0.028125 0.087500
1 0.350781 0.321094 0.032813 0.110938
1 0.385938 0.321875 0.025000 0.096875
1 0.425000 0.266797 0.015625 0.067969
1 0.078906 0.404297 0.060938 0.080469
1 0.057422 0.777734 0.077344 0.192969
1 0.338281 0.255078 0.023438 0.069531
1 0.354297 0.206641 0.017969 0.057031
1 0.368359 0.218359 0.014844 0.058594
1 0.383203 0.236719 0.013281 0.051563
