1 0.854297 0.394531 0.017969 0.048438
1 0.393359 0.727344 0.046094 0.123438
1 0.654688 0.505469 0.025000 0.073438
1 0.748438 0.423828 0.018750 0.053906
1 0.727734 0.397656 0.017969 0.051563
1 0.767969 0.395313 0.017188 0.046875
1 0.681250 0.643359 0.037500 0.105469
1 0.791016 0.365234 0.016406 0.042969
1 0.349219 0.850000 0.054688 0.153125
1 0.728125 0.465625 0.021875 0.062500
1 0.698438 0.502344 0.025000 0.073438
1 0.610938 0.658984 0.037500 0.108594
1 0.462109 0.922656 0.055469 0.135938
1 0.753516 0.377734 0.016406 0.046094
1 0.626563 0.603906 0.031250 0.085938
1 0.528906 0.676563 0.039062 0.115625
1 0.808594 0.417969 0.017188 0.051563
1 0.808594 0.338281 0.014063 0.039062
1 0.674219 0.558594 0.026563 0.076563
1 0.426563 0.855469 0.050000 0.148438
1 0.826953 0.487500 0.025781 0.075000
1 0.868750 0.459375 0.021875 0.062500
1 0.779688 0.459375 0.021875 0.059375
1 0.778125 0.327344 0.012500 0.035938
1 0.753516 0.329688 0.013281 0.037500
2 0.439844 0.518750 0.073438 0.090625
2 0.494922 0.461328 0.055469 0.069531
2 0.563281 0.467578 0.057813 0.078906
2 0.619531 0.348047 0.029688 0.046094
2 0.704688 0.330859 0.028125 0.046094
3 0.650000 0.322266 0.025000 0.044531
