2 0.146094 0.515625 0.101562 0.184375
2 0.578516 0.730859 0.125781 0.255469
2 0.528125 0.452734 0.071875 0.117969
2 0.515234 0.345703 0.049219 0.082031
2 0.572656 0.293750 0.051563 0.062500
2 0.642188 0.277734 0.046875 0.055469
2 0.594141 0.357422 0.047656 0.071094
2 0.606641 0.319141 0.044531 0.066406
2 0.614063 0.435156 0.068750 0.126562
3 0.783594 0.641797 0.242188 0.467969
3 0.687500 0.245313 0.050000 0.065625
4 0.591406 0.228516 0.085938 0.094531
2 0.498828 0.230469 0.057031 0.048438
1 0.441797 0.222656 0.024219 0.048438
4 0.230859 0.241797 0.080469 0.155469
