1 0.762109 0.397656 0.017969 0.051563
1 0.496875 0.865234 0.046875 0.133594
1 0.778516 0.741016 0.044531 0.132031
1 0.707031 0.507812 0.023438 0.075000
1 0.331250 0.867188 0.053125 0.134375
1 0.361719 0.769922 0.045313 0.121094
1 0.199609 0.857813 0.067969 0.159375
1 0.634766 0.507031 0.025781 0.073438
1 0.278516 0.855078 0.050781 0.141406
1 0.565625 0.841406 0.043750 0.135938
1 0.512109 0.531641 0.030469 0.082031
1 0.830859 0.488281 0.017969 0.073438
1 0.740234 0.510156 0.017969 0.073438
1 0.717969 0.385156 0.020313 0.051563
1 0.783203 0.366016 0.016406 0.041406
1 0.287500 0.700781 0.043750 0.114063
1 0.447266 0.572656 0.038281 0.101562
1 0.788672 0.409766 0.021094 0.053906
1 0.450000 0.935156 0.050000 0.110938
1 0.725781 0.478516 0.020313 0.066406
1 0.580859 0.539062 0.014844 0.059375
1 0.749219 0.372656 0.017188 0.048438
1 0.824609 0.340625 0.014844 0.040625
1 0.695703 0.472266 0.016406 0.057031
1 0.446875 0.841406 0.043750 0.139063
1 0.302344 0.798438 0.039062 0.100000
1 0.677734 0.392969 0.017969 0.051563
1 0.285156 0.951563 0.045313 0.084375
1 0.455469 0.784375 0.035938 0.103125
2 0.668750 0.456250 0.040625 0.059375
2 0.617969 0.591406 0.070312 0.123438
2 0.698438 0.357031 0.034375 0.051563
2 0.614844 0.358594 0.032813 0.051563
2 0.527734 0.686328 0.114844 0.203906
3 0.533594 0.684766 0.110938 0.207031
1 0.584766 0.488281 0.016406 0.048438
