1 0.808984 0.394141 0.017969 0.053906
1 0.325391 0.814063 0.057031 0.146875
1 0.698047 0.546875 0.027344 0.087500
1 0.736719 0.436719 0.020313 0.060938
1 0.817578 0.700000 0.035156 0.112500
1 0.707031 0.466016 0.020313 0.066406
1 0.747266 0.810547 0.041406 0.142969
1 0.771875 0.603516 0.028125 0.091406
1 0.845313 0.395313 0.018750 0.053125
1 0.673047 0.494141 0.024219 0.078906
1 0.853125 0.603125 0.028125 0.090625
1 0.792969 0.523047 0.020313 0.071094
1 0.626172 0.565234 0.030469 0.092969
1 0.535938 0.806641 0.043750 0.141406
1 0.718359 0.517969 0.021094 0.076563
1 0.769141 0.439453 0.019531 0.057031
1 0.769531 0.703906 0.032813 0.114063
1 0.656641 0.634375 0.035156 0.109375
1 0.564844 0.594141 0.032813 0.107031
1 0.702344 0.711328 0.035938 0.116406
1 0.778125 0.533984 0.021875 0.071094
1 0.607422 0.539844 0.027344 0.089063
1 0.739844 0.487891 0.020313 0.069531
1 0.758203 0.489453 0.019531 0.069531
1 0.769531 0.357422 0.014063 0.046094
1 0.864844 0.533203 0.026563 0.078906
1 0.830859 0.362109 0.014844 0.046094
1 0.852344 0.362500 0.017188 0.046875
1 0.805078 0.477734 0.025781 0.067969
1 0.752734 0.351953 0.014844 0.041406
1 0.778906 0.491406 0.017188 0.060938
1 0.804297 0.351172 0.014844 0.042969
2 0.355078 0.632812 0.100781 0.121875
2 0.614844 0.351172 0.026563 0.046094
2 0.042188 0.765625 0.084375 0.156250
2 0.439453 0.492188 0.066406 0.087500
2 0.579688 0.391797 0.037500 0.058594
3 0.645703 0.410156 0.050781 0.126562
