1 0.394531 0.771094 0.048438 0.139063
1 0.855078 0.435938 0.019531 0.062500
1 0.590625 0.687500 0.037500 0.121875
1 0.746094 0.573828 0.026563 0.091406
1 0.714453 0.643359 0.032031 0.108594
1 0.769141 0.510156 0.022656 0.076563
1 0.541797 0.786719 0.049219 0.151563
1 0.759766 0.424219 0.016406 0.060938
1 0.794141 0.729297 0.028906 0.108594
1 0.863672 0.800781 0.046094 0.160938
1 0.817188 0.453125 0.018750 0.065625
1 0.614844 0.632812 0.023438 0.087500
1 0.836328 0.478516 0.019531 0.069531
1 0.684375 0.562109 0.025000 0.080469
1 0.807031 0.853125 0.039062 0.159375
1 0.741797 0.430859 0.017969 0.055469
1 0.805469 0.421484 0.017188 0.058594
1 0.676172 0.622266 0.030469 0.107031
1 0.837891 0.409766 0.016406 0.053906
1 0.491406 0.633984 0.032813 0.108594
1 0.731641 0.412500 0.013281 0.062500
1 0.529297 0.643359 0.033594 0.108594
1 0.835547 0.642188 0.033594 0.112500
1 0.633594 0.566406 0.026563 0.089063
1 0.781641 0.419922 0.016406 0.058594
1 0.559766 0.717188 0.035156 0.109375
1 0.828125 0.350000 0.015625 0.046875
1 0.739844 0.512109 0.023438 0.080469
1 0.854297 0.934375 0.046094 0.096875
1 0.765234 0.355078 0.014844 0.044531
1 0.800781 0.338672 0.014063 0.042969
1 0.784375 0.337891 0.012500 0.044531
1 0.808984 0.381641 0.014844 0.044531
2 0.423438 0.590625 0.096875 0.109375
2 0.354688 0.563281 0.065625 0.085938
2 0.457422 0.478516 0.064844 0.082031
2 0.661328 0.351562 0.028906 0.050000
3 0.623438 0.375781 0.034375 0.048438
2 0.635547 0.289844 0.024219 0.039062
2 0.696875 0.397266 0.031250 0.066406
2 0.700000 0.364063 0.028125 0.050000
3 0.628906 0.475391 0.085938 0.169531
1 0.606250 0.585156 0.021875 0.076563
2 0.593359 0.433594 0.033594 0.051563
