1 0.324219 0.781641 0.054688 0.132031
1 0.518750 0.768750 0.046875 0.125000
1 0.792578 0.835938 0.041406 0.134375
1 0.604688 0.757812 0.040625 0.125000
1 0.732031 0.866016 0.042188 0.128906
1 0.563672 0.533594 0.030469 0.076563
1 0.698438 0.699609 0.037500 0.108594
1 0.587500 0.617188 0.034375 0.090625
1 0.657422 0.547656 0.033594 0.085938
1 0.485156 0.702344 0.039062 0.114063
1 0.705469 0.421875 0.023438 0.059375
1 0.822266 0.617188 0.032031 0.084375
1 0.825391 0.767188 0.041406 0.121875
1 0.715625 0.462891 0.025000 0.066406
1 0.839063 0.406641 0.018750 0.053906
1 0.681250 0.421875 0.025000 0.059375
1 0.676563 0.506250 0.028125 0.071875
1 0.752734 0.449219 0.021094 0.060938
1 0.839844 0.560547 0.029688 0.080469
1 0.775391 0.670313 0.032031 0.090625
1 0.794141 0.571484 0.028906 0.083594
1 0.783203 0.489063 0.025781 0.071875
1 0.742969 0.726172 0.032813 0.092969
1 0.745703 0.533203 0.025781 0.066406
1 0.884766 0.451563 0.025781 0.071875
1 0.705469 0.947266 0.054688 0.078906
1 0.737500 0.491406 0.021875 0.060938
1 0.805859 0.489453 0.024219 0.069531
1 0.760547 0.575000 0.027344 0.071875
1 0.785156 0.423047 0.017188 0.055469
1 0.747656 0.391016 0.020313 0.057031
1 0.822656 0.532031 0.026563 0.073438
1 0.731250 0.395703 0.018750 0.053906
1 0.829688 0.437500 0.018750 0.059375
1 0.751172 0.628906 0.027344 0.073438
2 0.199219 0.727734 0.142187 0.142969
2 0.293359 0.590625 0.105469 0.121875
2 0.432422 0.575000 0.080469 0.103125
2 0.441016 0.491406 0.069531 0.085938
2 0.532422 0.432813 0.055469 0.078125
2 0.689844 0.379688 0.032813 0.050000
