1 0.701172 0.408984 0.021094 0.058594
1 0.832031 0.491016 0.023438 0.066406
1 0.821484 0.685938 0.039844 0.125000
1 0.532422 0.840625 0.049219 0.146875
1 0.582031 0.548047 0.026563 0.080469
1 0.456641 0.823438 0.047656 0.137500
1 0.775781 0.410547 0.020313 0.055469
1 0.350000 0.837109 0.053125 0.142969
1 0.479688 0.742188 0.040625 0.112500
1 0.510156 0.689063 0.035938 0.109375
1 0.793359 0.489453 0.024219 0.069531
1 0.658203 0.574609 0.028906 0.092969
1 0.677734 0.492578 0.021094 0.069531
1 0.536328 0.742578 0.041406 0.116406
1 0.776563 0.565234 0.028125 0.092969
1 0.828906 0.550391 0.026563 0.082031
1 0.598047 0.691406 0.033594 0.110938
1 0.617578 0.562500 0.025781 0.084375
1 0.859766 0.520703 0.025781 0.082031
1 0.264063 0.837500 0.059375 0.153125
1 0.822266 0.404688 0.019531 0.050000
1 0.801172 0.439453 0.021094 0.057031
1 0.693750 0.537891 0.025000 0.082031
1 0.733203 0.546094 0.025781 0.085938
1 0.739453 0.479297 0.022656 0.067969
1 0.666797 0.648047 0.033594 0.108594
1 0.724609 0.384766 0.017969 0.057031
1 0.639453 0.648047 0.032031 0.108594
1 0.584375 0.629297 0.028125 0.092969
1 0.705078 0.478906 0.019531 0.064063
1 0.846094 0.369531 0.017188 0.051563
1 0.617969 0.516797 0.026563 0.071094
1 0.775391 0.491406 0.022656 0.064063
1 0.744141 0.372656 0.016406 0.048438
1 0.258594 0.755859 0.048438 0.108594
2 0.549609 0.464063 0.055469 0.078125
2 0.610547 0.407813 0.039844 0.062500
2 0.572266 0.390234 0.035156 0.055469
2 0.659375 0.444922 0.040625 0.067969
2 0.639063 0.367969 0.031250 0.051563
3 0.405078 0.562109 0.100781 0.133594
2 0.628125 0.311719 0.025000 0.039062
3 0.207031 0.588672 0.192188 0.180469
