1 0.184375 0.899219 0.071875 0.164062
1 0.579297 0.544922 0.030469 0.092969
1 0.719922 0.521094 0.027344 0.076563
1 0.564453 0.923828 0.053906 0.128906
1 0.443359 0.893359 0.052344 0.155469
1 0.539453 0.503516 0.025781 0.078906
1 0.794141 0.465625 0.022656 0.062500
1 0.519531 0.613672 0.039062 0.108594
1 0.755469 0.602734 0.032813 0.092969
1 0.671875 0.626563 0.031250 0.087500
1 0.772656 0.368750 0.017188 0.046875
1 0.760938 0.531641 0.025000 0.066406
1 0.632422 0.675391 0.036719 0.107031
1 0.841406 0.507031 0.029688 0.076563
1 0.776563 0.501563 0.021875 0.062500
1 0.819141 0.446094 0.022656 0.060938
1 0.754688 0.354297 0.015625 0.042969
1 0.689844 0.507031 0.023438 0.064063
1 0.682031 0.571094 0.020313 0.064063
1 0.729297 0.375781 0.021094 0.048438
1 0.647656 0.530469 0.026563 0.076563
1 0.829688 0.358594 0.018750 0.048438
1 0.800000 0.335156 0.015625 0.039062
2 0.723438 0.449219 0.043750 0.064063
2 0.621094 0.491797 0.048438 0.083594
2 0.624219 0.390234 0.039062 0.058594
