1 0.875781 0.575000 0.051563 0.150000
3 0.574609 0.354688 0.124219 0.284375
1 0.329688 0.342188 0.031250 0.096875
1 0.355078 0.354688 0.022656 0.065625
1 0.425391 0.296094 0.016406 0.060938
1 0.260937 0.332813 0.021875 0.078125
1 0.280469 0.378125 0.032813 0.090625
1 0.076563 0.392969 0.065625 0.085938
1 0.355469 0.255469 0.017188 0.064063
1 0.389453 0.264453 0.022656 0.069531
1 0.353906 0.290625 0.017188 0.059375
4 0.207813 0.696484 0.415625 0.605469
1 0.655078 0.228125 0.016406 0.065625
1 0.601172 0.216406 0.017969 0.060938
1 0.410156 0.215625 0.017188 0.053125
1 0.402734 0.278125 0.014844 0.062500
