1 0.807422 0.758984 0.049219 0.180469
1 0.075000 0.423438 0.053125 0.100000
1 0.674609 0.561328 0.030469 0.128906
1 0.731641 0.521875 0.028906 0.121875
1 0.128125 0.731250 0.037500 0.187500
1 0.716406 0.397656 0.029688 0.098438
1 0.669141 0.301563 0.022656 0.078125
1 0.616797 0.273438 0.017969 0.078125
1 0.903125 0.925391 0.078125 0.144531
1 0.383203 0.300391 0.019531 0.082031
1 0.584375 0.341406 0.018750 0.089063
1 0.633203 0.426953 0.025781 0.107031
1 0.287500 0.351953 0.025000 0.091406
1 0.336719 0.303906 0.014063 0.060938
1 0.426563 0.228906 0.009375 0.060938
1 0.232031 0.369531 0.042188 0.089063
1 0.565625 0.229297 0.018750 0.058594
1 0.393359 0.232031 0.011719 0.064063
1 0.328516 0.359375 0.022656 0.100000
1 0.510938 0.312500 0.025000 0.071875
1 0.430078 0.357422 0.022656 0.092969
1 0.957813 0.894531 0.056250 0.173438
1 0.776953 0.438672 0.053906 0.092969
1 0.692188 0.493750 0.021875 0.128125
1 0.963672 0.920703 0.042969 0.153906
1 0.689063 0.437891 0.025000 0.094531
1 0.588672 0.284766 0.014844 0.066406
1 0.377734 0.212891 0.017969 0.057031
2 0.684766 0.910938 0.160156 0.150000
2 0.383984 0.526172 0.152344 0.167969
