1 0.659766 0.353516 0.025781 0.078906
1 0.534375 0.290625 0.028125 0.087500
2 0.417969 0.424219 0.064063 0.148438
1 0.309375 0.427734 0.037500 0.133594
1 0.181250 0.501563 0.031250 0.140625
1 0.225781 0.496875 0.035938 0.121875
1 0.177344 0.626953 0.032813 0.119531
1 0.083203 0.398047 0.063281 0.055469
1 0.296094 0.314453 0.023438 0.069531
1 0.337500 0.350391 0.018750 0.103906
1 0.380469 0.347266 0.026563 0.069531
1 0.418750 0.321875 0.028125 0.062500
1 0.327734 0.314844 0.017969 0.060938
1 0.364453 0.298047 0.016406 0.071094
1 0.392969 0.282422 0.017188 0.058594
1 0.346094 0.271875 0.017188 0.062500
1 0.330078 0.264063 0.013281 0.053125
1 0.392188 0.226953 0.018750 0.057031
1 0.359375 0.212500 0.015625 0.053125
1 0.420703 0.230859 0.016406 0.058594
1 0.447266 0.231250 0.019531 0.071875
