1 0.245313 0.838281 0.068750 0.148438
1 0.425781 0.741797 0.051563 0.130469
1 0.503516 0.826563 0.044531 0.128125
1 0.325000 0.878906 0.056250 0.148438
1 0.839453 0.380078 0.016406 0.044531
1 0.626953 0.781641 0.047656 0.128906
1 0.736328 0.627734 0.035156 0.096094
1 0.714453 0.419141 0.019531 0.053906
1 0.587500 0.920313 0.053125 0.121875
1 0.503516 0.725391 0.044531 0.103906
1 0.347266 0.689453 0.044531 0.119531
1 0.785156 0.599609 0.035938 0.096094
1 0.633984 0.657031 0.036719 0.101562
1 0.691016 0.411719 0.019531 0.051563
1 0.604297 0.527734 0.021094 0.067969
1 0.370703 0.919922 0.063281 0.121094
1 0.762500 0.389844 0.018750 0.051563
1 0.815234 0.418750 0.021094 0.059375
1 0.700781 0.461719 0.023438 0.060938
1 0.799219 0.392969 0.014063 0.048438
1 0.784766 0.368750 0.013281 0.040625
1 0.799609 0.353125 0.011719 0.037500
1 0.821484 0.342188 0.011719 0.034375
1 0.840234 0.340625 0.011719 0.034375
2 0.667188 0.591016 0.090625 0.103906
2 0.613281 0.350000 0.032813 0.050000
2 0.478125 0.474609 0.068750 0.083594
2 0.714063 0.544141 0.071875 0.103906
2 0.715625 0.362500 0.031250 0.046875
2 0.659375 0.339063 0.031250 0.053125
2 0.013281 0.812109 0.026563 0.121094
2 0.705469 0.325391 0.026563 0.044531
1 0.603906 0.475391 0.017188 0.044531
