2 0.582031 0.526563 0.114063 0.212500
2 0.621484 0.794922 0.139844 0.296094
2 0.726172 0.501563 0.114844 0.187500
2 0.668359 0.352734 0.080469 0.108594
4 0.566797 0.355078 0.077344 0.157031
1 0.652344 0.277734 0.023438 0.067969
1 0.694531 0.313672 0.023438 0.096094
1 0.747266 0.365234 0.032031 0.105469
1 0.387109 0.266797 0.014844 0.067969
2 0.444141 0.276953 0.050781 0.107031
1 0.232422 0.385156 0.033594 0.060938
1 0.177734 0.532031 0.030469 0.098438
1 0.078906 0.405469 0.057813 0.073438
1 0.205859 0.282031 0.049219 0.060938
1 0.306250 0.296875 0.031250 0.096875
1 0.575781 0.353125 0.001563 0.003125
1 0.254297 0.453516 0.036719 0.116406
