3 0.209375 0.853516 0.237500 0.291406
1 0.507031 0.712500 0.039062 0.150000
1 0.298438 0.577734 0.028125 0.142969
1 0.350000 0.530469 0.031250 0.126562
1 0.498438 0.520703 0.028125 0.119531
1 0.568750 0.536328 0.025000 0.116406
1 0.359766 0.428516 0.019531 0.082031
1 0.395313 0.392578 0.015625 0.082031
1 0.500391 0.375000 0.016406 0.090625
1 0.525391 0.357031 0.019531 0.085938
2 0.442969 0.349219 0.051563 0.114063
2 0.464063 0.251563 0.034375 0.059375
1 0.359375 0.362109 0.021875 0.067969
1 0.498438 0.315625 0.015625 0.059375
1 0.508203 0.258203 0.013281 0.053906
