1 0.357813 0.792188 0.050000 0.150000
1 0.557422 0.656250 0.027344 0.103125
1 0.696875 0.696875 0.031250 0.112500
1 0.675781 0.595313 0.020313 0.100000
1 0.737500 0.558984 0.018750 0.083594
1 0.712500 0.525391 0.018750 0.078906
1 0.729297 0.476953 0.014844 0.069531
1 0.755469 0.466406 0.014063 0.060938
1 0.774219 0.444141 0.010938 0.057031
1 0.809766 0.412500 0.013281 0.053125
1 0.751953 0.407813 0.016406 0.053125
1 0.720703 0.395313 0.013281 0.050000
1 0.791406 0.392578 0.010938 0.044531
1 0.774609 0.381250 0.011719 0.040625
1 0.845703 0.356250 0.010156 0.034375
1 0.813672 0.316797 0.008594 0.030469
1 0.822266 0.307422 0.007031 0.030469
1 0.800391 0.304688 0.010156 0.025000
1 0.760938 0.307422 0.009375 0.030469
1 0.785156 0.306250 0.007812 0.028125
2 0.358984 0.628906 0.111719 0.110938
2 0.397266 0.547656 0.078906 0.076563
2 0.618359 0.353125 0.024219 0.037500
2 0.637109 0.289062 0.017969 0.021875
2 0.662891 0.274609 0.016406 0.030469
