1 0.925781 0.603516 0.067187 0.153906
1 0.644531 0.438281 0.039062 0.110938
1 0.657031 0.404688 0.029688 0.084375
1 0.758984 0.454688 0.046094 0.100000
1 0.736328 0.365625 0.038281 0.087500
1 0.681641 0.333203 0.028906 0.094531
1 0.602344 0.275781 0.020313 0.064063
1 0.299219 0.454297 0.045313 0.130469
1 0.382422 0.396484 0.036719 0.092969
1 0.261719 0.343359 0.026563 0.080469
1 0.082422 0.404688 0.074219 0.078125
1 0.208594 0.294531 0.042188 0.060938
2 0.540625 0.215625 0.050000 0.065625
1 0.397266 0.290625 0.028906 0.087500
1 0.631641 0.276562 0.019531 0.065625
1 0.646875 0.256250 0.018750 0.053125
1 0.360938 0.206641 0.018750 0.057031
1 0.675000 0.248047 0.018750 0.058594
