1 0.478516 0.770313 0.047656 0.134375
1 0.417188 0.837891 0.046875 0.128906
1 0.658594 0.602734 0.032813 0.096094
1 0.231641 0.921875 0.066406 0.134375
1 0.550000 0.701953 0.040625 0.119531
1 0.692969 0.450781 0.023438 0.064063
1 0.722656 0.475391 0.017188 0.069531
1 0.377344 0.910547 0.051563 0.133594
1 0.841406 0.453125 0.014063 0.062500
1 0.441406 0.742969 0.039062 0.114063
1 0.819922 0.487500 0.017969 0.065625
1 0.769141 0.544531 0.022656 0.076563
1 0.560156 0.612500 0.035938 0.096875
1 0.516016 0.606641 0.038281 0.107031
1 0.705469 0.612109 0.026563 0.092969
1 0.406641 0.673047 0.041406 0.108594
1 0.867969 0.545312 0.029688 0.087500
1 0.761328 0.435547 0.019531 0.055469
1 0.716406 0.425391 0.020313 0.057031
1 0.867969 0.468359 0.014063 0.058594
1 0.743750 0.434375 0.021875 0.062500
1 0.770313 0.622656 0.034375 0.098438
1 0.778906 0.457813 0.014063 0.059375
1 0.634766 0.474219 0.016406 0.064063
1 0.207422 0.839453 0.049219 0.132031
1 0.788672 0.440234 0.014844 0.055469
1 0.772656 0.496484 0.020313 0.046094
2 0.275000 0.610938 0.093750 0.087500
2 0.410547 0.572266 0.077344 0.107031
2 0.622266 0.548438 0.063281 0.096875
2 0.683203 0.408594 0.038281 0.064063
2 0.553906 0.427344 0.042188 0.060938
1 0.870703 0.419141 0.013281 0.032031
1 0.849219 0.387500 0.017188 0.046875
1 0.760938 0.385156 0.015625 0.035938
1 0.824219 0.410156 0.010938 0.048438
1 0.809766 0.432031 0.016406 0.048438
