1 0.283984 0.321094 0.024219 0.098438
1 0.345703 0.229688 0.016406 0.053125
1 0.385156 0.196094 0.014063 0.051563
1 0.660547 0.287500 0.014844 0.071875
1 0.706250 0.356250 0.028125 0.100000
1 0.843750 0.625000 0.037500 0.150000
1 0.960547 0.775000 0.077344 0.196875
1 0.708984 0.295703 0.017969 0.069531
1 0.634766 0.198438 0.016406 0.046875
2 0.083594 0.852734 0.167188 0.292969
2 0.357031 0.301953 0.054688 0.116406
4 0.394922 0.372266 0.080469 0.232031
4 0.510547 0.173047 0.039844 0.083594
4 0.566016 0.176563 0.035156 0.075000
2 0.446094 0.200781 0.035938 0.073438
