1 0.758984 0.687109 0.058594 0.171094
1 0.807813 0.672266 0.043750 0.157031
1 0.214063 0.675000 0.037500 0.171875
1 0.925000 0.768359 0.056250 0.155469
1 0.590625 0.739063 0.087500 0.150000
1 0.075000 0.604688 0.040625 0.146875
1 0.457813 0.784766 0.040625 0.182031
1 0.588281 0.353906 0.023438 0.089063
1 0.941016 0.910938 0.075781 0.159375
1 0.612500 0.396484 0.018750 0.092969
1 0.230859 0.425781 0.058594 0.101562
1 0.362109 0.355469 0.021094 0.089063
1 0.494922 0.673438 0.071094 0.146875
1 0.337891 0.459375 0.057031 0.103125
1 0.700781 0.350781 0.023438 0.089063
1 0.331641 0.322266 0.019531 0.082031
1 0.860938 0.588281 0.040625 0.126562
1 0.226172 0.533594 0.030469 0.126562
1 0.605078 0.273047 0.025781 0.067969
1 0.836328 0.506641 0.038281 0.103906
1 0.633203 0.353906 0.019531 0.085938
1 0.521094 0.269531 0.014063 0.060938
1 0.441406 0.242969 0.010938 0.064063
1 0.315625 0.409766 0.050000 0.094531
1 0.635938 0.297656 0.018750 0.064063
1 0.380469 0.222266 0.017188 0.053906
1 0.357813 0.282422 0.018750 0.071094
2 0.346484 0.716016 0.092969 0.241406
2 0.464063 0.315625 0.056250 0.084375
2 0.400781 0.275781 0.032813 0.073438
3 0.552344 0.213672 0.064063 0.133594
3 0.496094 0.542969 0.182813 0.223438
4 0.552344 0.213672 0.064063 0.133594
1 0.463672 0.612500 0.061719 0.109375
1 0.554688 0.272656 0.015625 0.048438
