1 0.784375 0.466016 0.034375 0.119531
1 0.609375 0.438672 0.034375 0.130469
1 0.286719 0.521484 0.042188 0.133594
1 0.207813 0.578516 0.056250 0.141406
1 0.263281 0.393750 0.029688 0.100000
1 0.363672 0.310156 0.027344 0.101562
1 0.392578 0.271875 0.025781 0.075000
1 0.350391 0.247266 0.019531 0.066406
1 0.723438 0.412109 0.037500 0.117969
1 0.739063 0.346875 0.028125 0.078125
3 0.571484 0.244141 0.096094 0.182031
1 0.649219 0.273047 0.042188 0.080469
2 0.420313 0.389063 0.075000 0.178125
2 0.445312 0.289062 0.043750 0.078125
1 0.400000 0.203125 0.015625 0.065625
1 0.073047 0.767578 0.099219 0.244531
1 0.249609 0.329688 0.036719 0.075000
1 0.079688 0.392188 0.059375 0.103125
1 0.209375 0.281641 0.046875 0.044531
1 0.363672 0.201563 0.014844 0.053125
