1 0.513281 0.629688 0.039062 0.112500
1 0.424219 0.804297 0.032813 0.108594
1 0.450000 0.974219 0.071875 0.051563
1 0.572656 0.733594 0.035938 0.085938
1 0.560547 0.639844 0.039844 0.064063
1 0.637891 0.535547 0.038281 0.067969
1 0.693359 0.537891 0.024219 0.069531
1 0.694141 0.466797 0.025781 0.058594
1 0.712500 0.417578 0.028125 0.044531
1 0.741016 0.409766 0.022656 0.044531
1 0.742188 0.448828 0.018750 0.041406
1 0.751563 0.462109 0.018750 0.033594
1 0.796484 0.496875 0.027344 0.078125
1 0.826953 0.468750 0.019531 0.046875
1 0.837891 0.525781 0.019531 0.073438
1 0.846094 0.501953 0.014063 0.032031
1 0.725000 0.387109 0.028125 0.033594
1 0.771094 0.410156 0.017188 0.051563
1 0.790234 0.427734 0.014844 0.055469
1 0.838672 0.446484 0.021094 0.058594
1 0.861328 0.402734 0.019531 0.046094
1 0.833984 0.404688 0.017969 0.046875
1 0.814844 0.402734 0.017188 0.046094
1 0.794141 0.387891 0.019531 0.032031
1 0.744922 0.369922 0.014844 0.030469
2 0.538672 0.496484 0.064844 0.083594
2 0.615625 0.353125 0.034375 0.059375
2 0.626563 0.314453 0.021875 0.032031
2 0.657031 0.338672 0.026563 0.042969
2 0.716797 0.339063 0.027344 0.050000
2 0.682813 0.308984 0.018750 0.030469
2 0.701953 0.295703 0.022656 0.028906
