2 0.624219 0.478125 0.079688 0.125000
2 0.568750 0.329688 0.068750 0.115625
1 0.341406 0.498438 0.039062 0.128125
1 0.308594 0.435938 0.029688 0.112500
1 0.242188 0.400000 0.021875 0.078125
1 0.321875 0.353516 0.025000 0.078906
1 0.367188 0.399219 0.043750 0.114063
1 0.235547 0.659766 0.046094 0.153906
1 0.209375 0.564844 0.046875 0.135938
1 0.077734 0.412109 0.064844 0.071094
1 0.332031 0.264063 0.020313 0.071875
1 0.358594 0.269141 0.020313 0.091406
1 0.387109 0.256641 0.021094 0.057031
1 0.116797 0.744922 0.067969 0.196094
1 0.389453 0.214844 0.016406 0.051563
1 0.405469 0.214453 0.014063 0.053906
1 0.374219 0.207813 0.017188 0.053125
1 0.377344 0.302734 0.023438 0.067969
1 0.615234 0.266406 0.017969 0.060938
