1 0.690234 0.521484 0.030469 0.083594
1 0.572656 0.728125 0.045313 0.134375
1 0.808203 0.576953 0.032031 0.094531
1 0.754297 0.558594 0.030469 0.089063
1 0.654688 0.504688 0.028125 0.078125
1 0.638281 0.590625 0.029688 0.087500
1 0.754688 0.491016 0.025000 0.066406
1 0.841406 0.656250 0.039062 0.115625
1 0.846484 0.549609 0.030469 0.083594
1 0.810156 0.478516 0.023438 0.069531
1 0.829688 0.493359 0.025000 0.071094
1 0.498438 0.702734 0.043750 0.130469
1 0.747266 0.758984 0.044531 0.130469
1 0.657031 0.727734 0.039062 0.121094
1 0.869141 0.452734 0.025781 0.067969
1 0.731641 0.407031 0.022656 0.060938
1 0.594922 0.544922 0.033594 0.092969
1 0.732813 0.533984 0.028125 0.083594
1 0.744531 0.465234 0.026563 0.067969
1 0.712109 0.459375 0.027344 0.071875
1 0.798828 0.441406 0.022656 0.064063
1 0.831641 0.435156 0.022656 0.060938
1 0.886328 0.404688 0.022656 0.062500
1 0.764063 0.425000 0.025000 0.065625
1 0.851172 0.422656 0.021094 0.060938
2 0.676953 0.646875 0.075781 0.125000
2 0.673828 0.905469 0.132031 0.164062
2 0.332031 0.571484 0.095313 0.108594
2 0.450391 0.894531 0.103906 0.160938
2 0.050781 0.825391 0.101562 0.166406
2 0.611328 0.466406 0.050781 0.085938
2 0.588672 0.376172 0.033594 0.055469
2 0.672266 0.390625 0.038281 0.059375
2 0.618359 0.383203 0.036719 0.066406
