1 0.660547 0.482813 0.021094 0.071875
1 0.387500 0.698047 0.046875 0.130469
1 0.470703 0.727344 0.041406 0.123438
1 0.557031 0.661328 0.039062 0.119531
1 0.855078 0.673438 0.032031 0.100000
1 0.791797 0.785156 0.039844 0.135938
1 0.719922 0.562891 0.027344 0.078906
1 0.423828 0.725000 0.044531 0.128125
1 0.740625 0.646484 0.028125 0.096094
1 0.762109 0.559375 0.027344 0.075000
1 0.304297 0.884375 0.058594 0.159375
1 0.776563 0.674219 0.031250 0.101562
1 0.799219 0.642188 0.026563 0.084375
1 0.700000 0.601562 0.028125 0.078125
1 0.733594 0.493359 0.014063 0.067969
1 0.809375 0.598828 0.021875 0.069531
1 0.880078 0.612891 0.032031 0.094531
1 0.833594 0.466016 0.014063 0.057031
1 0.650781 0.669531 0.035938 0.110938
1 0.825781 0.726562 0.032813 0.109375
1 0.880469 0.801953 0.045313 0.144531
1 0.751172 0.949609 0.058594 0.092969
1 0.788672 0.511719 0.024219 0.073438
1 0.842578 0.599609 0.025781 0.080469
1 0.698828 0.435547 0.013281 0.055469
1 0.814453 0.492188 0.016406 0.062500
1 0.701172 0.670703 0.030469 0.094531
1 0.697266 0.480078 0.019531 0.069531
1 0.822656 0.554688 0.017188 0.071875
1 0.756250 0.481250 0.021875 0.065625
1 0.695703 0.772656 0.038281 0.123438
1 0.722656 0.476562 0.020313 0.078125
1 0.725781 0.410156 0.014063 0.051563
1 0.753906 0.607422 0.017188 0.071094
1 0.774609 0.475391 0.017969 0.044531
1 0.735156 0.439844 0.010938 0.051563
1 0.765625 0.516406 0.015625 0.060938
1 0.842188 0.429688 0.015625 0.059375
2 0.612891 0.584766 0.075781 0.128906
2 0.599219 0.423438 0.048438 0.071875
2 0.498438 0.460938 0.053125 0.075000
2 0.603516 0.371484 0.038281 0.058594
1 0.786328 0.398438 0.013281 0.046875
1 0.751953 0.414844 0.013281 0.051563
1 0.810156 0.447266 0.017188 0.041406
1 0.788281 0.445312 0.017188 0.046875
1 0.767969 0.422656 0.014063 0.048438
