1 0.183984 0.893359 0.067969 0.158594
1 0.698438 0.535156 0.025000 0.073438
1 0.341797 0.813672 0.058594 0.142969
1 0.674219 0.909766 0.051563 0.128906
1 0.666797 0.551563 0.027344 0.075000
1 0.720703 0.479688 0.022656 0.062500
1 0.516797 0.814453 0.049219 0.132031
1 0.778906 0.489844 0.023438 0.064063
1 0.744531 0.504688 0.023438 0.065625
1 0.639063 0.617188 0.031250 0.087500
1 0.614453 0.578516 0.025781 0.078906
1 0.728125 0.562891 0.028125 0.082031
1 0.837500 0.422656 0.021875 0.051563
1 0.814844 0.462109 0.023438 0.058594
1 0.862500 0.549219 0.034375 0.085938
1 0.818750 0.521875 0.028125 0.071875
1 0.739453 0.398438 0.019531 0.053125
1 0.634766 0.536328 0.025781 0.066406
1 0.677734 0.408984 0.021094 0.055469
1 0.619531 0.765625 0.045313 0.121875
1 0.798828 0.578125 0.032031 0.087500
1 0.760547 0.396094 0.017969 0.051563
1 0.720313 0.417188 0.018750 0.046875
1 0.725000 0.753125 0.043750 0.115625
1 0.642969 0.495313 0.026563 0.059375
1 0.756641 0.465625 0.022656 0.059375
1 0.763672 0.565234 0.030469 0.083594
1 0.583984 0.551563 0.030469 0.084375
1 0.801563 0.418750 0.015625 0.046875
1 0.503125 0.672266 0.037500 0.094531
1 0.831250 0.379297 0.018750 0.042969
1 0.503125 0.714063 0.034375 0.096875
1 0.812109 0.382422 0.017969 0.046094
2 0.602734 0.460938 0.052344 0.078125
2 0.614063 0.393359 0.034375 0.055469
2 0.643359 0.383203 0.033594 0.053906
2 0.692188 0.453906 0.040625 0.060938
2 0.700781 0.376172 0.035938 0.058594
2 0.658203 0.337109 0.028906 0.042969
1 0.790625 0.387109 0.018750 0.046094
