1 0.644141 0.421094 0.025781 0.060938
1 0.690234 0.421484 0.024219 0.058594
1 0.378906 0.840625 0.054688 0.137500
1 0.308594 0.839063 0.054688 0.128125
1 0.719922 0.797656 0.042969 0.123438
1 0.488281 0.924609 0.060938 0.117969
1 0.800000 0.490234 0.025000 0.067969
1 0.759766 0.521875 0.025781 0.071875
1 0.853906 0.519141 0.029688 0.066406
1 0.548438 0.754297 0.043750 0.117969
1 0.626953 0.494141 0.025781 0.066406
1 0.626172 0.783203 0.039844 0.119531
1 0.542578 0.628906 0.038281 0.098438
1 0.698828 0.560156 0.032031 0.076563
1 0.604688 0.535156 0.028125 0.076563
1 0.736328 0.462500 0.022656 0.059375
1 0.846875 0.449609 0.021875 0.058594
1 0.723828 0.516406 0.028906 0.076563
1 0.824609 0.502734 0.027344 0.071094
1 0.776563 0.479688 0.021875 0.059375
1 0.814453 0.422266 0.019531 0.053906
1 0.680078 0.526172 0.022656 0.067969
1 0.678906 0.464453 0.020313 0.066406
1 0.721094 0.378125 0.020313 0.053125
1 0.900391 0.587109 0.035156 0.083594
1 0.769531 0.458984 0.014063 0.055469
1 0.825391 0.450000 0.019531 0.053125
1 0.837500 0.406250 0.021875 0.050000
2 0.051563 0.778125 0.103125 0.134375
2 0.323438 0.583984 0.087500 0.105469
2 0.823828 0.615625 0.128906 0.140625
