1 0.202734 0.441016 0.039844 0.116406
1 0.311328 0.309766 0.025781 0.078906
1 0.373828 0.267578 0.019531 0.057031
1 0.617188 0.390234 0.031250 0.092969
1 0.711719 0.334375 0.020313 0.078125
1 0.851172 0.591406 0.039844 0.148438
1 0.680859 0.270703 0.017969 0.053906
1 0.659766 0.264063 0.016406 0.059375
1 0.387109 0.179688 0.017969 0.046875
2 0.451563 0.213672 0.037500 0.058594
2 0.419141 0.189063 0.035156 0.059375
2 0.412500 0.367188 0.068750 0.121875
2 0.259375 0.465625 0.115625 0.165625
2 0.700781 0.596484 0.107813 0.180469
2 0.533594 0.252734 0.045313 0.071094
4 0.548047 0.325000 0.052344 0.146875
4 0.625000 0.259375 0.053125 0.128125
4 0.525781 0.124219 0.039062 0.101562
4 0.572266 0.159375 0.032031 0.075000
