4 0.667188 0.800000 0.275000 0.400000
2 0.699219 0.565625 0.110938 0.137500
2 0.533203 0.387109 0.063281 0.117969
2 0.619922 0.391406 0.058594 0.085938
2 0.539062 0.284766 0.034375 0.053906
2 0.596094 0.307813 0.042188 0.059375
2 0.616016 0.272266 0.035156 0.041406
2 0.683203 0.260547 0.038281 0.042969
2 0.410156 0.215234 0.064063 0.042969
1 0.294141 0.210156 0.016406 0.035938
1 0.364063 0.227734 0.025000 0.046094
3 0.098047 0.222266 0.036719 0.069531
3 0.590625 0.235938 0.093750 0.090625
2 0.721484 0.246094 0.036719 0.039062
