2 0.387500 0.502734 0.071875 0.146094
2 0.448047 0.328906 0.042969 0.089063
1 0.553125 0.691406 0.043750 0.160938
1 0.483984 0.516016 0.027344 0.116406
1 0.499219 0.444531 0.023438 0.098438
1 0.500391 0.291406 0.013281 0.060938
1 0.531641 0.296094 0.016406 0.064063
1 0.404297 0.370313 0.017969 0.075000
1 0.331641 0.471875 0.022656 0.103125
1 0.368359 0.377344 0.014844 0.064063
1 0.373828 0.416406 0.013281 0.064063
1 0.435156 0.259375 0.014063 0.046875
1 0.455469 0.234375 0.010938 0.050000
1 0.470313 0.216406 0.009375 0.039062
1 0.522266 0.238672 0.010156 0.042969
