1 0.335547 0.273438 0.017969 0.062500
1 0.441016 0.280859 0.028906 0.067969
1 0.489453 0.255078 0.028906 0.057031
1 0.649609 0.425000 0.030469 0.109375
1 0.718750 0.461719 0.043750 0.123438
1 0.762500 0.441406 0.040625 0.101562
1 0.669922 0.321094 0.024219 0.076563
1 0.681641 0.296094 0.019531 0.076563
1 0.604297 0.273047 0.014844 0.067969
1 0.629297 0.263672 0.014844 0.071094
1 0.653906 0.262109 0.017188 0.058594
1 0.678906 0.244922 0.017188 0.067969
2 0.424219 0.189453 0.035938 0.057031
2 0.566406 0.316016 0.054688 0.069531
2 0.474219 0.129688 0.020313 0.040625
2 0.708984 0.957031 0.192969 0.085938
4 0.393750 0.346875 0.065625 0.153125
4 0.576953 0.458594 0.100781 0.285938
