1 0.802344 0.464453 0.023438 0.066406
1 0.651172 0.453125 0.027344 0.071875
1 0.345703 0.815625 0.063281 0.162500
1 0.713672 0.573438 0.030469 0.087500
1 0.661719 0.646484 0.035938 0.105469
1 0.766797 0.453125 0.021094 0.059375
1 0.489844 0.726953 0.042188 0.128906
1 0.592969 0.505859 0.026563 0.080469
1 0.803125 0.367578 0.012500 0.041406
1 0.760547 0.403906 0.021094 0.051563
1 0.709766 0.407031 0.016406 0.048438
1 0.838672 0.371875 0.011719 0.050000
1 0.791406 0.419531 0.020313 0.051563
1 0.501563 0.666797 0.034375 0.096094
1 0.826172 0.364063 0.011719 0.050000
1 0.719531 0.431250 0.014063 0.046875
1 0.019531 0.945312 0.039062 0.109375
1 0.766797 0.334766 0.014844 0.041406
2 0.603906 0.368750 0.039062 0.059375
2 0.526953 0.430859 0.050781 0.071094
2 0.664844 0.376953 0.032813 0.053906
2 0.728125 0.515625 0.059375 0.084375
2 0.702734 0.340234 0.027344 0.042969
1 0.709766 0.457031 0.013281 0.048438
