1 0.808203 0.896875 0.057031 0.190625
1 0.251953 0.562109 0.028906 0.146094
1 0.896094 0.840625 0.060938 0.184375
1 0.112109 0.892969 0.049219 0.198438
1 0.250781 0.382031 0.026563 0.098438
1 0.044531 0.392578 0.054688 0.082031
1 0.619531 0.408984 0.020313 0.096094
1 0.683203 0.490625 0.022656 0.115625
1 0.598828 0.296875 0.019531 0.075000
1 0.365625 0.921484 0.046875 0.155469
1 0.743359 0.702344 0.039844 0.160938
1 0.299219 0.531250 0.029688 0.134375
1 0.659375 0.424609 0.028125 0.096094
1 0.408203 0.377734 0.028906 0.096094
1 0.886719 0.698438 0.057813 0.137500
1 0.363281 0.490234 0.020313 0.121094
1 0.426563 0.309375 0.018750 0.071875
1 0.634766 0.299609 0.022656 0.071094
1 0.735156 0.534766 0.029688 0.128906
1 0.263672 0.754297 0.039844 0.183594
1 0.703516 0.436328 0.025781 0.103906
1 0.771875 0.535156 0.031250 0.114063
1 0.323047 0.405859 0.021094 0.096094
1 0.565625 0.283984 0.021875 0.071094
1 0.376563 0.325391 0.018750 0.082031
1 0.362891 0.384375 0.019531 0.096875
1 0.802344 0.631250 0.032813 0.150000
1 0.389063 0.446484 0.025000 0.108594
1 0.595313 0.426953 0.025000 0.103906
1 0.783594 0.671484 0.035938 0.158594
1 0.305469 0.356250 0.023438 0.090625
1 0.608984 0.578906 0.030469 0.135938
1 0.602734 0.227734 0.017969 0.055469
1 0.227734 0.423828 0.027344 0.094531
1 0.642578 0.363281 0.022656 0.073438
1 0.878125 0.946484 0.056250 0.105469
1 0.339844 0.257031 0.014063 0.064063
1 0.301953 0.465234 0.025781 0.117969
1 0.339844 0.312500 0.020313 0.065625
2 0.481250 0.326563 0.078125 0.075000
2 0.661328 0.769531 0.100781 0.239063
2 0.394922 0.284766 0.030469 0.091406
2 0.398047 0.240625 0.036719 0.065625
4 0.456641 0.232813 0.041406 0.112500
1 0.316016 0.283203 0.016406 0.053906
