1 0.786719 0.897266 0.054688 0.182031
1 0.705078 0.900781 0.057031 0.189063
1 0.439453 0.630078 0.032031 0.166406
1 0.244141 0.728906 0.035156 0.185938
1 0.589844 0.301563 0.017188 0.084375
1 0.400000 0.810938 0.046875 0.196875
1 0.408203 0.495703 0.028906 0.128906
1 0.245313 0.450000 0.025000 0.109375
1 0.177344 0.759375 0.042188 0.187500
1 0.330469 0.932813 0.054688 0.134375
1 0.134375 0.658594 0.037500 0.160938
1 0.816406 0.742188 0.042188 0.178125
1 0.713672 0.496484 0.027344 0.117969
1 0.151172 0.935938 0.058594 0.128125
1 0.905469 0.914844 0.073438 0.170313
1 0.621484 0.533594 0.030469 0.126562
1 0.427344 0.369531 0.020313 0.098438
1 0.391797 0.392578 0.021094 0.091406
1 0.144141 0.559766 0.032031 0.132031
1 0.822656 0.587891 0.042188 0.116406
1 0.135547 0.385547 0.049219 0.092969
1 0.728516 0.614453 0.032031 0.141406
1 0.601562 0.410547 0.021875 0.105469
1 0.744141 0.479688 0.035156 0.103125
1 0.286719 0.824609 0.045313 0.205469
1 0.626172 0.366797 0.021094 0.092969
1 0.762891 0.551172 0.032031 0.133594
1 0.355469 0.411719 0.014063 0.060938
1 0.656641 0.328125 0.019531 0.087500
1 0.027344 0.507422 0.039062 0.105469
1 0.306641 0.434375 0.025781 0.109375
1 0.870703 0.680078 0.050781 0.141406
1 0.282813 0.476562 0.025000 0.115625
1 0.461328 0.489453 0.028906 0.119531
1 0.963281 0.907813 0.064063 0.184375
1 0.226172 0.564844 0.027344 0.148438
1 0.653125 0.492969 0.025000 0.126562
1 0.380469 0.685938 0.035938 0.159375
1 0.267188 0.393359 0.025000 0.096094
1 0.643750 0.405469 0.021875 0.089063
1 0.660156 0.465234 0.026563 0.130469
1 0.337109 0.339844 0.024219 0.089063
1 0.365234 0.350391 0.014844 0.069531
2 0.598047 0.880469 0.167969 0.239063
2 0.336719 0.508984 0.070312 0.142969
4 0.464844 0.270703 0.045313 0.119531
1 0.835938 0.678516 0.028125 0.132031
1 0.875000 0.592187 0.037500 0.065625
1 0.629688 0.306250 0.015625 0.046875
1 0.346484 0.391406 0.017969 0.089063
1 0.043750 0.465625 0.034375 0.100000
