1 0.573438 0.815625 0.071875 0.137500
1 0.487891 0.872656 0.041406 0.123438
1 0.447266 0.793359 0.047656 0.155469
1 0.387109 0.773438 0.055469 0.146875
1 0.291016 0.797266 0.072656 0.157031
1 0.530859 0.508984 0.027344 0.067969
1 0.569141 0.566016 0.041406 0.069531
1 0.560547 0.622656 0.039844 0.089063
1 0.618750 0.620313 0.040625 0.096875
1 0.675000 0.620703 0.043750 0.078906
1 0.645703 0.525000 0.028906 0.059375
1 0.637109 0.473047 0.027344 0.055469
1 0.662109 0.447656 0.024219 0.085938
1 0.710938 0.525391 0.037500 0.078906
1 0.743359 0.503125 0.027344 0.065625
1 0.778516 0.479688 0.025781 0.087500
1 0.797266 0.560937 0.035156 0.096875
1 0.834766 0.470703 0.019531 0.069531
1 0.868750 0.446875 0.031250 0.071875
1 0.791016 0.413281 0.025781 0.048438
1 0.831641 0.408203 0.019531 0.041406
