2 0.541406 0.264453 0.039062 0.078906
2 0.373438 0.599219 0.125000 0.264063
2 0.433594 0.353516 0.070312 0.128906
1 0.230859 0.522656 0.036719 0.126562
1 0.187109 0.477344 0.046094 0.123438
1 0.279297 0.444922 0.036719 0.117969
1 0.263672 0.380469 0.021094 0.076563
1 0.338672 0.434766 0.039844 0.107031
1 0.129688 0.612891 0.065625 0.169531
1 0.176563 0.740625 0.075000 0.187500
1 0.076172 0.396875 0.049219 0.075000
1 0.308984 0.291406 0.024219 0.073438
1 0.328516 0.315234 0.022656 0.080469
1 0.360938 0.302734 0.018750 0.083594
1 0.382812 0.280859 0.018750 0.071094
1 0.408594 0.262109 0.032813 0.055469
1 0.025781 0.678125 0.051563 0.212500
1 0.892188 0.678516 0.056250 0.169531
2 0.460938 0.222656 0.037500 0.073438
1 0.363281 0.235938 0.014063 0.050000
