1 0.878125 0.785938 0.084375 0.250000
1 0.394141 0.712500 0.050781 0.203125
1 0.289844 0.564063 0.039062 0.140625
1 0.293750 0.419922 0.028125 0.105469
1 0.302344 0.338672 0.029688 0.083594
1 0.353125 0.327734 0.021875 0.071094
1 0.375781 0.394531 0.029688 0.101562
1 0.435938 0.383984 0.025000 0.105469
1 0.429688 0.301172 0.021875 0.067969
1 0.460156 0.281641 0.023438 0.066406
1 0.382812 0.310547 0.025000 0.067969
1 0.692578 0.266797 0.016406 0.067969
2 0.532813 0.227344 0.043750 0.064063
1 0.420313 0.278125 0.012500 0.075000
