1 0.687109 0.413672 0.042969 0.121094
2 0.564063 0.217578 0.050000 0.069531
1 0.404297 0.335156 0.036719 0.076563
1 0.369141 0.347656 0.028906 0.098438
1 0.352344 0.316797 0.020313 0.071094
1 0.271875 0.822266 0.062500 0.216406
1 0.175391 0.851562 0.072656 0.203125
1 0.178906 0.469922 0.048438 0.083594
1 0.285156 0.500781 0.048438 0.110938
1 0.260547 0.449609 0.039844 0.121094
1 0.317969 0.321875 0.029688 0.084375
1 0.078125 0.396484 0.071875 0.080469
1 0.175781 0.674219 0.060938 0.101562
1 0.170703 0.566797 0.041406 0.080469
1 0.408594 0.419141 0.035938 0.094531
2 0.458203 0.291797 0.047656 0.092969
1 0.412500 0.260937 0.028125 0.062500
1 0.387891 0.200391 0.025781 0.069531
1 0.516016 0.259766 0.019531 0.069531
1 0.260156 0.358594 0.026563 0.076563
