1 0.627734 0.691797 0.052344 0.183594
1 0.808203 0.743359 0.072656 0.255469
1 0.584766 0.552734 0.057031 0.155469
1 0.692969 0.387500 0.039062 0.121875
1 0.714063 0.329297 0.034375 0.096094
4 0.296484 0.642578 0.336719 0.703906
1 0.202734 0.421094 0.030469 0.085938
1 0.176953 0.502734 0.035156 0.080469
1 0.319531 0.284375 0.026563 0.071875
1 0.371094 0.236719 0.023438 0.064063
1 0.078906 0.392969 0.067187 0.085938
1 0.213281 0.285156 0.048438 0.051563
1 0.541797 0.334375 0.027344 0.084375
1 0.046484 0.681250 0.064844 0.171875
1 0.255859 0.362500 0.027344 0.075000
1 0.687109 0.276562 0.021094 0.078125
