1 0.494141 0.694141 0.038281 0.128906
1 0.532031 0.646875 0.035938 0.109375
1 0.578906 0.653906 0.035938 0.114063
1 0.712500 0.745313 0.037500 0.128125
1 0.781641 0.778906 0.041406 0.139063
1 0.833984 0.746875 0.036719 0.121875
1 0.853125 0.648438 0.031250 0.103125
1 0.790234 0.628125 0.027344 0.109375
1 0.703125 0.667969 0.040625 0.089063
1 0.683594 0.605078 0.023438 0.094531
1 0.718359 0.607031 0.030469 0.101562
1 0.756641 0.586719 0.028906 0.089063
1 0.791797 0.555859 0.021094 0.080469
1 0.821094 0.576172 0.023438 0.083594
1 0.823047 0.533984 0.021094 0.067969
1 0.837500 0.432813 0.021875 0.059375
1 0.813281 0.420313 0.020313 0.062500
1 0.777734 0.416797 0.017969 0.055469
1 0.717188 0.409766 0.018750 0.053906
1 0.747266 0.392188 0.013281 0.046875
2 0.626563 0.577734 0.068750 0.105469
2 0.692969 0.523438 0.048438 0.078125
2 0.639453 0.471875 0.047656 0.075000
2 0.488281 0.514453 0.060938 0.069531
2 0.495703 0.467188 0.053906 0.046875
2 0.651563 0.366016 0.028125 0.041406
2 0.675391 0.331641 0.019531 0.032031
2 0.625781 0.331641 0.020313 0.028906
2 0.638672 0.309375 0.017969 0.028125
2 0.665234 0.289453 0.017969 0.028906
2 0.692188 0.272656 0.018750 0.026563
2 0.639063 0.279688 0.015625 0.021875
