1 0.167578 0.546484 0.057031 0.108594
1 0.246484 0.645703 0.058594 0.132031
1 0.821484 0.648047 0.036719 0.155469
1 0.604297 0.271484 0.011719 0.055469
1 0.299219 0.396094 0.023438 0.098438
1 0.222266 0.503125 0.053906 0.109375
1 0.598828 0.424219 0.032031 0.098438
1 0.106641 0.405078 0.050781 0.082031
1 0.652344 0.407813 0.029688 0.100000
1 0.175391 0.446875 0.047656 0.090625
1 0.721094 0.378906 0.026563 0.089063
1 0.322656 0.366016 0.020313 0.094531
1 0.634375 0.434766 0.021875 0.107031
1 0.355078 0.297266 0.016406 0.078906
1 0.667969 0.298438 0.017188 0.075000
1 0.320312 0.321484 0.015625 0.058594
1 0.673047 0.352734 0.017969 0.092969
2 0.676172 0.841016 0.130469 0.257031
2 0.846484 0.866016 0.142969 0.232031
2 0.449219 0.362500 0.045313 0.103125
2 0.360547 0.385547 0.052344 0.105469
2 0.447656 0.461328 0.057813 0.144531
2 0.401953 0.271094 0.035156 0.085938
2 0.409766 0.604297 0.163281 0.196094
2 0.564453 0.253125 0.035156 0.059375
2 0.510547 0.195312 0.030469 0.084375
2 0.424219 0.184375 0.026563 0.050000
4 0.510547 0.189844 0.033594 0.085938
4 0.458203 0.258594 0.038281 0.089063
