1 0.276953 0.562109 0.060156 0.117969
1 0.190234 0.840234 0.042969 0.208594
1 0.752734 0.603125 0.036719 0.134375
1 0.205469 0.644531 0.035938 0.151563
1 0.348828 0.533984 0.050781 0.121094
1 0.325781 0.339063 0.017188 0.084375
1 0.505859 0.338672 0.021094 0.083594
1 0.737500 0.426953 0.031250 0.103906
1 0.348438 0.409766 0.018750 0.094531
1 0.675781 0.880859 0.095313 0.221094
1 0.161719 0.371875 0.039062 0.090625
1 0.597656 0.322656 0.017188 0.073438
1 0.255469 0.364844 0.029688 0.085938
1 0.830078 0.460938 0.057031 0.090625
1 0.361719 0.945312 0.067187 0.109375
1 0.328516 0.435938 0.019531 0.096875
1 0.692188 0.396875 0.028125 0.100000
1 0.632812 0.337500 0.021875 0.087500
1 0.557031 0.254688 0.017188 0.065625
1 0.293750 0.476172 0.043750 0.108594
1 0.298047 0.381641 0.021094 0.091406
1 0.407813 0.294531 0.021875 0.073438
1 0.674219 0.339063 0.023438 0.087500
1 0.670703 0.311719 0.022656 0.073438
2 0.652344 0.423047 0.064063 0.108594
2 0.557422 0.357813 0.052344 0.090625
2 0.460547 0.521875 0.071094 0.171875
2 0.442188 0.321484 0.037500 0.096094
2 0.369922 0.291016 0.042969 0.091406
2 0.512500 0.208984 0.031250 0.083594
2 0.464063 0.238281 0.034375 0.085938
2 0.418750 0.219141 0.028125 0.057031
3 0.905469 0.850000 0.189063 0.300000
3 0.065625 0.387500 0.131250 0.128125
3 0.371094 0.288672 0.042188 0.083594
4 0.619141 0.563672 0.088281 0.217969
4 0.464063 0.229297 0.034375 0.092969
4 0.511719 0.204688 0.035938 0.084375
2 0.408203 0.385156 0.057031 0.123438
