2 0.413281 0.509375 0.098438 0.221875
1 0.201563 0.663281 0.065625 0.214063
1 0.284375 0.543359 0.053125 0.146094
1 0.346484 0.315625 0.027344 0.090625
1 0.369531 0.258984 0.017188 0.055469
1 0.349609 0.231250 0.027344 0.053125
1 0.567578 0.320312 0.028906 0.100000
1 0.650000 0.313672 0.031250 0.083594
1 0.696484 0.367188 0.030469 0.100000
1 0.741406 0.863281 0.120313 0.251563
3 0.551563 0.203906 0.087500 0.123438
1 0.725000 0.352344 0.040625 0.110938
1 0.282813 0.300391 0.037500 0.066406
1 0.250000 0.382812 0.021875 0.087500
1 0.078125 0.389063 0.068750 0.090625
1 0.205859 0.285938 0.046094 0.065625
1 0.395313 0.216016 0.018750 0.069531
2 0.450000 0.258203 0.053125 0.094531
1 0.248828 0.472266 0.032031 0.119531
1 0.492578 0.240625 0.022656 0.050000
