1 0.770313 0.462500 0.040625 0.134375
1 0.860156 0.616406 0.057813 0.151563
1 0.654297 0.346484 0.027344 0.105469
1 0.336719 0.517188 0.035938 0.115625
1 0.282813 0.540234 0.034375 0.121094
1 0.185938 0.577344 0.053125 0.151563
1 0.117188 0.741797 0.056250 0.196094
1 0.055469 0.719141 0.060938 0.166406
1 0.232422 0.428516 0.055469 0.094531
1 0.146875 0.509375 0.034375 0.084375
1 0.286719 0.384766 0.035938 0.094531
1 0.325000 0.411719 0.040625 0.089063
1 0.350000 0.328516 0.025000 0.078906
1 0.401563 0.303125 0.025000 0.075000
1 0.295313 0.298047 0.031250 0.067969
1 0.085156 0.416406 0.073438 0.073438
2 0.347656 0.768359 0.132812 0.442969
3 0.556641 0.276172 0.075781 0.192969
1 0.345703 0.272266 0.019531 0.057031
2 0.847266 0.786328 0.200781 0.303906
