1 0.482422 0.664453 0.039844 0.116406
1 0.560156 0.684375 0.039062 0.096875
1 0.607422 0.690625 0.030469 0.103125
1 0.637109 0.631641 0.036719 0.107031
1 0.652344 0.491016 0.023438 0.066406
1 0.686719 0.469141 0.026563 0.066406
1 0.705859 0.458594 0.021094 0.085938
1 0.710156 0.555078 0.029688 0.053906
1 0.701172 0.611328 0.036719 0.078906
1 0.701953 0.840234 0.044531 0.171094
1 0.666406 0.920313 0.042188 0.115625
1 0.765234 0.843359 0.036719 0.108594
1 0.757422 0.714844 0.030469 0.114063
1 0.765625 0.593750 0.031250 0.078125
1 0.814844 0.608203 0.042188 0.116406
1 0.832422 0.772656 0.036719 0.151563
1 0.867578 0.934375 0.038281 0.128125
1 0.896875 0.601562 0.050000 0.100000
1 0.738672 0.499219 0.027344 0.073438
1 0.756250 0.532813 0.018750 0.075000
1 0.785156 0.516797 0.032813 0.071094
1 0.746484 0.420703 0.021094 0.066406
1 0.758594 0.475781 0.032813 0.073438
1 0.785547 0.449219 0.017969 0.060938
1 0.796484 0.483984 0.021094 0.058594
1 0.836719 0.517188 0.020313 0.071875
1 0.866797 0.500000 0.030469 0.090625
2 0.350781 0.902734 0.123438 0.192969
2 0.533984 0.832031 0.111719 0.210938
2 0.450000 0.502734 0.087500 0.096094
2 0.623438 0.568750 0.071875 0.128125
2 0.667578 0.421484 0.044531 0.080469
