1 0.061328 0.509375 0.035156 0.125000
1 0.133203 0.418750 0.022656 0.096875
1 0.375781 0.214063 0.026563 0.037500
1 0.459375 0.223438 0.025000 0.062500
1 0.502344 0.221484 0.023438 0.046094
2 0.554688 0.562500 0.096875 0.162500
2 0.533203 0.431250 0.063281 0.100000
2 0.646094 0.456641 0.073438 0.103906
2 0.610547 0.369141 0.052344 0.078906
2 0.516016 0.345313 0.047656 0.078125
3 0.537891 0.281250 0.047656 0.087500
3 0.619531 0.259766 0.060938 0.128906
3 0.684375 0.809766 0.318750 0.378906
3 0.905469 0.776563 0.189063 0.400000
