1 0.166406 0.667578 0.045313 0.132031
1 0.172656 0.508203 0.032813 0.107031
1 0.305078 0.409375 0.038281 0.096875
1 0.350391 0.381250 0.025781 0.078125
1 0.323438 0.325781 0.031250 0.076563
1 0.280469 0.307813 0.035938 0.090625
1 0.554297 0.332813 0.033594 0.084375
1 0.083203 0.404688 0.066406 0.071875
1 0.211328 0.290625 0.047656 0.071875
1 0.352344 0.253906 0.017188 0.060938
1 0.400781 0.256641 0.020313 0.066406
2 0.451172 0.278906 0.049219 0.089063
1 0.351172 0.310547 0.017969 0.058594
1 0.382031 0.201953 0.017188 0.057031
1 0.664453 0.240625 0.013281 0.053125
