1 0.186719 0.918750 0.051563 0.162500
1 0.133594 0.880469 0.054688 0.210938
1 0.278906 0.776563 0.045313 0.184375
1 0.309766 0.530469 0.032031 0.123438
1 0.537891 0.572266 0.028906 0.128906
1 0.477344 0.430469 0.020313 0.098438
1 0.510547 0.409766 0.017969 0.082031
1 0.397656 0.381641 0.017188 0.082031
1 0.480078 0.283594 0.016406 0.064063
1 0.480859 0.359375 0.017969 0.071875
1 0.529687 0.311328 0.021875 0.066406
1 0.505078 0.358203 0.016406 0.066406
1 0.505469 0.302344 0.014063 0.048438
1 0.448047 0.251563 0.011719 0.050000
