1 0.348828 0.798438 0.066406 0.200000
1 0.330859 0.395703 0.024219 0.107031
1 0.455859 0.632812 0.042969 0.153125
1 0.744922 0.422266 0.039844 0.094531
1 0.430859 0.327734 0.021094 0.092969
1 0.137500 0.517578 0.071875 0.107031
1 0.791797 0.840625 0.058594 0.162500
1 0.221484 0.433594 0.061719 0.098438
1 0.806641 0.726562 0.044531 0.171875
1 0.516797 0.338672 0.027344 0.083594
1 0.270703 0.882812 0.072656 0.175000
1 0.659375 0.311719 0.025000 0.076563
1 0.587109 0.352734 0.030469 0.083594
1 0.704297 0.608203 0.030469 0.144531
1 0.901172 0.675000 0.058594 0.134375
1 0.306250 0.365625 0.025000 0.096875
1 0.370313 0.353906 0.021875 0.098438
1 0.923828 0.779688 0.057031 0.165625
1 0.407813 0.372266 0.021875 0.107031
1 0.969922 0.950781 0.058594 0.098438
1 0.253125 0.380469 0.031250 0.085938
1 0.456641 0.953125 0.063281 0.090625
1 0.800781 0.939453 0.054688 0.116406
1 0.700000 0.285938 0.021875 0.075000
2 0.402344 0.271094 0.039062 0.076563
1 0.391016 0.346094 0.013281 0.073438
