4 0.211328 0.182031 0.075781 0.101562
4 0.621094 0.307813 0.054688 0.121875
4 0.604688 0.225000 0.059375 0.084375
4 0.671875 0.251953 0.071875 0.082031
4 0.713672 0.200000 0.083594 0.071875
2 0.285938 0.344141 0.059375 0.119531
2 0.085156 0.668750 0.157813 0.271875
2 0.418359 0.233203 0.055469 0.053906
2 0.546875 0.225781 0.053125 0.060938
1 0.045313 0.510156 0.043750 0.123438
1 0.164453 0.380078 0.025781 0.094531
1 0.496484 0.249609 0.027344 0.042969
1 0.357813 0.225000 0.028125 0.040625
3 0.672656 0.487500 0.107813 0.184375
