1 0.847266 0.670703 0.041406 0.119531
1 0.573828 0.825000 0.050781 0.146875
1 0.708594 0.441406 0.020313 0.064063
1 0.753516 0.508594 0.028906 0.076563
1 0.823828 0.466016 0.025781 0.066406
1 0.839453 0.574219 0.032031 0.089063
1 0.748438 0.443359 0.015625 0.055469
1 0.456641 0.781250 0.050781 0.134375
1 0.774609 0.449219 0.024219 0.064063
1 0.669141 0.633203 0.041406 0.107031
1 0.767578 0.634375 0.035156 0.103125
1 0.778516 0.559375 0.028906 0.078125
1 0.492969 0.544922 0.032813 0.096094
1 0.539844 0.646484 0.039062 0.117969
1 0.789844 0.503516 0.026563 0.069531
1 0.868750 0.503516 0.028125 0.082031
1 0.865234 0.417969 0.024219 0.060938
1 0.840625 0.408203 0.021875 0.057031
1 0.811719 0.436719 0.014063 0.060938
2 0.657031 0.524219 0.054688 0.085938
2 0.441406 0.896094 0.110938 0.185938
2 0.612109 0.751953 0.083594 0.153906
2 0.648047 0.364063 0.030469 0.046875
1 0.744922 0.353516 0.011719 0.044531
1 0.774609 0.398828 0.011719 0.044531
1 0.671875 0.556641 0.028125 0.094531
1 0.801563 0.422266 0.012500 0.053906
