1 0.441016 0.811328 0.047656 0.144531
1 0.676953 0.494531 0.025781 0.076563
1 0.596484 0.508984 0.027344 0.080469
1 0.824609 0.382031 0.017969 0.048438
1 0.751172 0.575000 0.027344 0.087500
1 0.777734 0.489063 0.024219 0.071875
1 0.816406 0.922656 0.045313 0.126562
1 0.533203 0.603125 0.035156 0.103125
1 0.727734 0.535156 0.024219 0.076563
1 0.605859 0.922656 0.039844 0.126562
1 0.699609 0.620313 0.033594 0.096875
1 0.837500 0.520313 0.025000 0.078125
1 0.704297 0.810156 0.039844 0.135938
1 0.763281 0.408984 0.017188 0.055469
1 0.654688 0.628906 0.031250 0.098438
1 0.719141 0.451563 0.019531 0.062500
1 0.837891 0.341016 0.016406 0.044531
1 0.742188 0.440625 0.018750 0.062500
1 0.660547 0.883203 0.039844 0.141406
1 0.789453 0.421875 0.019531 0.050000
1 0.812891 0.453125 0.019531 0.059375
1 0.784766 0.380078 0.016406 0.044531
1 0.803906 0.812891 0.042188 0.132031
1 0.832813 0.654688 0.034375 0.103125
1 0.762500 0.938672 0.053125 0.105469
1 0.806641 0.313281 0.013281 0.039062
1 0.841797 0.465625 0.021094 0.062500
1 0.696094 0.447656 0.020313 0.064063
1 0.790234 0.327734 0.014844 0.042969
1 0.757422 0.320703 0.014844 0.044531
1 0.778125 0.296875 0.012500 0.037500
2 0.611719 0.358203 0.032813 0.053906
