1 0.719141 0.455469 0.041406 0.123438
1 0.823047 0.574219 0.055469 0.164062
2 0.551172 0.245313 0.042969 0.084375
2 0.216016 0.685156 0.157031 0.248438
2 0.397266 0.594141 0.128906 0.291406
2 0.369922 0.390234 0.071094 0.121094
1 0.075391 0.388281 0.060156 0.076563
1 0.107031 0.626953 0.048438 0.141406
1 0.201953 0.505859 0.038281 0.117969
1 0.273828 0.462500 0.032031 0.100000
1 0.237109 0.374219 0.021094 0.064063
1 0.289453 0.343359 0.019531 0.080469
1 0.309375 0.365234 0.028125 0.092969
1 0.344922 0.316406 0.021094 0.073438
1 0.372266 0.307813 0.022656 0.059375
1 0.303906 0.297266 0.017188 0.044531
1 0.201172 0.432813 0.030469 0.075000
1 0.321094 0.277734 0.020313 0.058594
