1 0.784766 0.575000 0.053906 0.109375
1 0.104688 0.370703 0.056250 0.094531
1 0.024219 0.396094 0.042188 0.098438
1 0.880078 0.548828 0.053906 0.107031
1 0.664062 0.383594 0.028125 0.085938
1 0.760156 0.439844 0.045313 0.098438
1 0.633594 0.315625 0.020313 0.071875
1 0.494531 0.301172 0.023438 0.080469
1 0.289844 0.424609 0.048438 0.092969
1 0.604688 0.271875 0.012500 0.062500
1 0.847266 0.463281 0.060156 0.089063
1 0.404297 0.293750 0.017969 0.075000
1 0.667188 0.301563 0.018750 0.075000
1 0.362891 0.310547 0.022656 0.080469
1 0.316016 0.326172 0.028906 0.083594
1 0.425391 0.294141 0.022656 0.069531
1 0.566016 0.231641 0.022656 0.057031
1 0.692969 0.326172 0.020313 0.071094
2 0.159375 0.490625 0.162500 0.134375
2 0.541016 0.309375 0.044531 0.090625
2 0.528516 0.198047 0.025781 0.058594
