3 0.576953 0.384375 0.113281 0.250000
1 0.862500 0.796484 0.078125 0.192969
1 0.263672 0.769922 0.052344 0.183594
1 0.153125 0.830859 0.068750 0.171094
1 0.076563 0.403125 0.050000 0.087500
1 0.207031 0.506250 0.045313 0.100000
1 0.335938 0.469922 0.034375 0.130469
1 0.407813 0.431250 0.034375 0.128125
1 0.285547 0.427344 0.036719 0.114063
1 0.270703 0.384375 0.035156 0.109375
1 0.208203 0.427734 0.038281 0.117969
1 0.331641 0.365234 0.019531 0.096094
1 0.302344 0.314063 0.029688 0.075000
2 0.449219 0.260156 0.045313 0.076563
2 0.614453 0.251172 0.057031 0.080469
2 0.523438 0.230469 0.050000 0.076563
1 0.399609 0.231250 0.014844 0.059375
1 0.374219 0.222266 0.029688 0.082031
1 0.199219 0.635547 0.051563 0.180469
1 0.147656 0.621875 0.048438 0.190625
1 0.349609 0.273828 0.017969 0.069531
1 0.333984 0.290625 0.014844 0.065625
1 0.321484 0.258203 0.017969 0.066406
1 0.350391 0.219531 0.016406 0.060938
1 0.554688 0.225391 0.012500 0.053906
1 0.665625 0.237500 0.018750 0.062500
