1 0.550781 0.934766 0.045313 0.103906
1 0.480859 0.896484 0.049219 0.130469
1 0.383984 0.743750 0.049219 0.128125
1 0.255469 0.787500 0.054688 0.137500
1 0.658203 0.560547 0.028906 0.080469
1 0.298438 0.896484 0.059375 0.146094
1 0.580078 0.532422 0.028906 0.080469
1 0.801172 0.534375 0.027344 0.078125
1 0.594922 0.837891 0.042969 0.128906
1 0.462109 0.754688 0.042969 0.121875
1 0.786328 0.477344 0.022656 0.064063
1 0.844531 0.464844 0.023438 0.064063
1 0.540234 0.661328 0.039844 0.103906
1 0.869141 0.433984 0.022656 0.058594
1 0.732422 0.479688 0.027344 0.075000
1 0.504688 0.801563 0.046875 0.112500
1 0.728125 0.632031 0.031250 0.098438
1 0.767578 0.710547 0.035156 0.108594
1 0.651563 0.503125 0.025000 0.065625
1 0.748438 0.422266 0.015625 0.053906
1 0.637109 0.635156 0.036719 0.098438
1 0.745313 0.591016 0.028125 0.078906
1 0.768359 0.462500 0.021094 0.062500
1 0.753906 0.546875 0.029688 0.071875
1 0.688281 0.532813 0.026563 0.075000
1 0.830078 0.564453 0.025781 0.069531
1 0.716797 0.808203 0.046094 0.128906
1 0.692969 0.477734 0.023438 0.058594
1 0.810547 0.688281 0.033594 0.098438
1 0.729297 0.437891 0.021094 0.053906
1 0.789844 0.383594 0.020313 0.048438
1 0.958594 0.878516 0.048438 0.166406
1 0.867578 0.530859 0.028906 0.080469
1 0.842188 0.371094 0.018750 0.048438
1 0.692969 0.434766 0.020313 0.053906
1 0.833594 0.427734 0.020313 0.055469
1 0.844531 0.640234 0.032813 0.096094
1 0.810938 0.453516 0.021875 0.066406
1 0.660938 0.467969 0.025000 0.060938
1 0.751953 0.465625 0.019531 0.062500
1 0.885938 0.935547 0.053125 0.092969
1 0.798047 0.339453 0.014844 0.041406
1 0.757031 0.342578 0.014063 0.044531
2 0.399609 0.590234 0.099219 0.117969
2 0.497266 0.515625 0.066406 0.087500
2 0.501953 0.447266 0.057031 0.069531
2 0.589844 0.453906 0.051563 0.073438
2 0.676172 0.395313 0.046094 0.065625
2 0.596484 0.368750 0.036719 0.050000
2 0.657031 0.353516 0.029688 0.041406
2 0.613281 0.383984 0.039062 0.058594
