1 0.778125 0.385156 0.012500 0.048438
1 0.811328 0.450781 0.016406 0.064063
1 0.462109 0.658203 0.039844 0.116406
1 0.800781 0.407813 0.014063 0.046875
1 0.299609 0.912891 0.074219 0.144531
1 0.760938 0.500781 0.018750 0.064063
1 0.646094 0.509375 0.026563 0.071875
1 0.503516 0.682813 0.038281 0.112500
1 0.736719 0.432813 0.017188 0.053125
1 0.775000 0.865625 0.046875 0.162500
1 0.449219 0.935938 0.057813 0.128125
1 0.595703 0.557422 0.025781 0.080469
1 0.532813 0.628906 0.034375 0.098438
1 0.580859 0.662500 0.036719 0.103125
1 0.634766 0.571484 0.032031 0.092969
1 0.425391 0.771875 0.044531 0.103125
1 0.567969 0.566016 0.026563 0.078906
1 0.739063 0.383203 0.015625 0.044531
1 0.756641 0.449219 0.016406 0.051563
1 0.818750 0.352734 0.012500 0.042969
1 0.832031 0.350781 0.014063 0.039062
1 0.793750 0.339844 0.012500 0.039062
1 0.416406 0.875000 0.045313 0.137500
1 0.801953 0.378906 0.013281 0.039062
2 0.183203 0.671875 0.125781 0.128125
2 0.611719 0.400000 0.039062 0.050000
2 0.549609 0.467188 0.049219 0.075000
2 0.673828 0.322656 0.025781 0.039062
2 0.633594 0.310156 0.023438 0.035938
