1 0.786719 0.410938 0.014063 0.050000
1 0.823828 0.396484 0.013281 0.046094
1 0.392969 0.784375 0.054688 0.140625
1 0.838672 0.533984 0.024219 0.067969
1 0.652344 0.891016 0.051563 0.141406
1 0.758984 0.404688 0.014844 0.046875
1 0.330078 0.921875 0.060156 0.150000
1 0.799219 0.378125 0.010938 0.040625
1 0.776953 0.377344 0.013281 0.039062
1 0.750391 0.367969 0.013281 0.035938
1 0.604297 0.515234 0.030469 0.080469
1 0.291016 0.855078 0.057031 0.157031
1 0.848828 0.392578 0.013281 0.044531
1 0.700000 0.501563 0.028125 0.075000
1 0.654688 0.529687 0.015625 0.090625
1 0.881250 0.446484 0.018750 0.058594
1 0.822266 0.340234 0.010156 0.030469
1 0.765234 0.323828 0.008594 0.028906
1 0.694531 0.330078 0.014063 0.044531
2 0.614063 0.350391 0.031250 0.044531
2 0.727734 0.352344 0.027344 0.048438
2 0.424219 0.508984 0.079688 0.096094
2 0.653516 0.354688 0.028906 0.046875
2 0.667578 0.314063 0.022656 0.037500
3 0.230469 0.586328 0.176563 0.178906
