2 0.650000 0.640234 0.162500 0.255469
2 0.573438 0.389844 0.056250 0.114063
1 0.651953 0.348438 0.022656 0.087500
1 0.349609 0.419141 0.036719 0.107031
1 0.396484 0.341406 0.030469 0.089063
1 0.310156 0.407813 0.039062 0.140625
1 0.272656 0.451563 0.032813 0.115625
1 0.148438 0.715625 0.046875 0.134375
1 0.036328 0.762109 0.066406 0.155469
1 0.078125 0.398047 0.050000 0.033594
1 0.304297 0.312500 0.024219 0.062500
1 0.370313 0.316016 0.021875 0.082031
1 0.408203 0.246094 0.019531 0.076563
1 0.346875 0.233594 0.021875 0.064063
1 0.361719 0.240625 0.017188 0.053125
1 0.383203 0.239063 0.016406 0.053125
