1 0.247656 0.717188 0.042188 0.171875
1 0.464063 0.816016 0.043750 0.194531
1 0.542578 0.899219 0.050781 0.198438
1 0.260547 0.539844 0.033594 0.123438
1 0.351562 0.461328 0.025000 0.128906
1 0.521875 0.485938 0.021875 0.112500
2 0.480469 0.358984 0.048438 0.083594
2 0.446875 0.291016 0.034375 0.066406
1 0.396875 0.341016 0.015625 0.069531
1 0.492578 0.294531 0.016406 0.048438
1 0.528906 0.276562 0.014063 0.065625
1 0.513281 0.266406 0.010938 0.048438
2 0.507812 0.202344 0.018750 0.039062
2 0.498828 0.244141 0.025781 0.044531
