1 0.300781 0.866797 0.067187 0.158594
1 0.229297 0.865625 0.067969 0.165625
1 0.661719 0.478906 0.026563 0.073438
1 0.660938 0.630469 0.037500 0.101562
1 0.379297 0.866406 0.061719 0.151563
1 0.693750 0.473828 0.021875 0.066406
1 0.721875 0.366797 0.018750 0.042969
1 0.567188 0.752344 0.050000 0.126562
1 0.805859 0.550781 0.033594 0.085938
1 0.859375 0.395313 0.021875 0.053125
1 0.800781 0.453906 0.023438 0.064063
1 0.705469 0.529297 0.029688 0.080469
1 0.880078 0.453906 0.028906 0.064063
1 0.635156 0.580469 0.020313 0.089063
1 0.571094 0.577734 0.035938 0.096094
1 0.746484 0.463281 0.014844 0.064063
1 0.849219 0.353516 0.017188 0.044531
1 0.784375 0.466016 0.018750 0.066406
1 0.830859 0.352734 0.014844 0.042969
1 0.761719 0.362109 0.017188 0.042969
1 0.740625 0.380859 0.018750 0.046094
2 0.604688 0.367969 0.034375 0.051563
2 0.105469 0.770703 0.189063 0.203906
2 0.558203 0.397656 0.041406 0.060938
2 0.661719 0.380859 0.035938 0.055469
2 0.595703 0.432813 0.050781 0.075000
2 0.521094 0.487891 0.060938 0.082031
2 0.489063 0.449609 0.043750 0.071094
2 0.746875 0.424219 0.040625 0.060938
2 0.667188 0.328125 0.025000 0.037500
3 0.105469 0.770703 0.189063 0.203906
1 0.763672 0.447656 0.014844 0.064063
1 0.623047 0.547266 0.017969 0.091406
