1 0.861328 0.866406 0.050781 0.135938
1 0.455859 0.783203 0.049219 0.116406
1 0.776172 0.784375 0.039844 0.115625
1 0.629688 0.821875 0.046875 0.128125
1 0.705469 0.491406 0.026563 0.064063
1 0.799219 0.602734 0.032813 0.096094
1 0.689844 0.478125 0.023438 0.062500
1 0.752344 0.576562 0.032813 0.084375
1 0.704688 0.686719 0.037500 0.110938
1 0.534375 0.951563 0.053125 0.084375
1 0.688672 0.422656 0.021094 0.051563
1 0.716406 0.419922 0.023438 0.058594
1 0.755078 0.490234 0.025781 0.067969
1 0.731250 0.453906 0.025000 0.064063
1 0.660156 0.628516 0.035938 0.103906
1 0.659766 0.460547 0.025781 0.067969
1 0.840625 0.727734 0.034375 0.096094
1 0.845313 0.587109 0.034375 0.083594
1 0.771094 0.460547 0.023438 0.058594
1 0.237109 0.964063 0.055469 0.071875
1 0.839453 0.657813 0.035156 0.096875
1 0.798438 0.453906 0.021875 0.060938
1 0.706641 0.617188 0.032031 0.078125
1 0.831641 0.465625 0.025781 0.065625
1 0.675000 0.446484 0.021875 0.055469
2 0.276953 0.785156 0.163281 0.148438
2 0.639063 0.580078 0.059375 0.091406
2 0.602344 0.421094 0.051563 0.076563
2 0.020313 0.910156 0.040625 0.123438
2 0.611719 0.340234 0.035938 0.055469
2 0.448828 0.488281 0.063281 0.085938
4 0.540234 0.447656 0.064844 0.123438
2 0.416797 0.551172 0.077344 0.080469
