2 0.580469 0.461719 0.048438 0.085938
2 0.437109 0.502734 0.071094 0.105469
2 0.287109 0.591016 0.130469 0.128906
2 0.087109 0.792969 0.174219 0.151563
1 0.465234 0.769531 0.108594 0.151563
2 0.546484 0.594141 0.080469 0.144531
2 0.680469 0.581641 0.060938 0.128906
2 0.651953 0.460938 0.050781 0.087500
1 0.629297 0.498828 0.024219 0.028906
1 0.616016 0.542969 0.032031 0.064063
1 0.683594 0.490625 0.020313 0.078125
1 0.574219 0.668750 0.045313 0.103125
1 0.530078 0.853906 0.057031 0.151563
1 0.564453 0.903906 0.060156 0.189063
1 0.720313 0.726562 0.043750 0.112500
1 0.792188 0.750781 0.031250 0.123438
1 0.853516 0.729688 0.032031 0.087500
1 0.807813 0.654297 0.037500 0.092969
1 0.836719 0.614063 0.032813 0.109375
1 0.758203 0.532031 0.035156 0.085938
1 0.797266 0.511328 0.025781 0.094531
1 0.754297 0.432422 0.024219 0.067969
1 0.327344 0.869922 0.064063 0.142969
1 0.231250 0.929297 0.087500 0.121094
