1 0.760156 0.461719 0.032813 0.110938
1 0.878906 0.527734 0.045313 0.155469
2 0.642188 0.335938 0.062500 0.096875
1 0.598828 0.385156 0.047656 0.101562
1 0.348047 0.332422 0.021094 0.096094
1 0.259766 0.481641 0.032031 0.132031
1 0.092188 0.575391 0.062500 0.116406
1 0.078516 0.405859 0.050781 0.080469
1 0.320312 0.297266 0.021875 0.082031
1 0.367578 0.286328 0.032031 0.094531
3 0.533203 0.226953 0.069531 0.116406
1 0.291016 0.582031 0.041406 0.160938
1 0.356250 0.227734 0.021875 0.067969
1 0.619141 0.258203 0.016406 0.057031
1 0.571875 0.228516 0.018750 0.057031
