1 0.393359 0.812500 0.052344 0.146875
1 0.230859 0.882812 0.064844 0.165625
1 0.128906 0.908203 0.076563 0.157031
1 0.794141 0.437109 0.019531 0.058594
1 0.513672 0.783594 0.046094 0.135938
1 0.816797 0.446484 0.021094 0.058594
1 0.739063 0.462109 0.018750 0.058594
1 0.639063 0.533594 0.025000 0.076563
1 0.607813 0.603516 0.031250 0.094531
1 0.311719 0.796094 0.051563 0.139063
1 0.771094 0.440625 0.020313 0.059375
1 0.752734 0.501953 0.024219 0.069531
1 0.628125 0.475000 0.021875 0.065625
1 0.430469 0.634375 0.039062 0.109375
1 0.313281 0.950781 0.060938 0.098438
1 0.840234 0.517188 0.021094 0.075000
1 0.718359 0.444922 0.014844 0.067969
1 0.679297 0.487500 0.021094 0.071875
1 0.610547 0.520313 0.024219 0.071875
1 0.648828 0.478906 0.019531 0.060938
1 0.861328 0.445312 0.022656 0.059375
1 0.521875 0.669922 0.037500 0.108594
1 0.709375 0.396875 0.018750 0.050000
1 0.749219 0.409375 0.017188 0.050000
1 0.865234 0.404688 0.014844 0.046875
1 0.671875 0.448047 0.021875 0.055469
1 0.819141 0.410156 0.019531 0.048438
1 0.842188 0.396484 0.018750 0.055469
1 0.737891 0.366406 0.016406 0.039062
2 0.785938 0.602734 0.134375 0.130469
2 0.447266 0.548438 0.069531 0.096875
