1 0.070312 0.404688 0.053125 0.103125
1 0.206641 0.287500 0.044531 0.075000
1 0.200000 0.583984 0.050000 0.092969
1 0.187109 0.707813 0.055469 0.153125
1 0.288281 0.658594 0.051563 0.139063
1 0.282031 0.525391 0.045313 0.094531
1 0.344531 0.460547 0.035938 0.121094
1 0.309375 0.409375 0.034375 0.096875
1 0.285547 0.359375 0.030469 0.078125
1 0.328906 0.336719 0.020313 0.089063
1 0.836719 0.478125 0.051563 0.109375
1 0.647656 0.278906 0.026563 0.076563
2 0.569922 0.235547 0.039844 0.071094
1 0.508203 0.269531 0.038281 0.089063
1 0.364063 0.257812 0.025000 0.078125
1 0.079688 0.648438 0.087500 0.190625
1 0.196094 0.487500 0.035938 0.096875
1 0.332813 0.253906 0.021875 0.060938
3 0.451172 0.237109 0.061719 0.130469
1 0.367578 0.371875 0.000781 0.003125
1 0.410156 0.240625 0.017188 0.062500
