1 0.210156 0.513672 0.039062 0.108594
1 0.305859 0.346484 0.036719 0.071094
1 0.355078 0.340625 0.032031 0.103125
2 0.435938 0.353125 0.062500 0.109375
1 0.515625 0.254688 0.028125 0.075000
1 0.607031 0.721875 0.067187 0.225000
1 0.192969 0.841797 0.070312 0.258594
1 0.078125 0.394531 0.062500 0.073438
1 0.370313 0.409375 0.003125 0.003125
1 0.392578 0.228125 0.016406 0.059375
1 0.408594 0.271484 0.020313 0.067969
1 0.434766 0.258594 0.022656 0.076563
1 0.367578 0.276562 0.022656 0.065625
1 0.532813 0.319141 0.021875 0.069531
