4 0.246484 0.260547 0.046094 0.133594
2 0.302344 0.253125 0.048438 0.059375
4 0.632812 0.743750 0.206250 0.512500
2 0.732813 0.580469 0.075000 0.160938
1 0.852344 0.509375 0.035938 0.100000
1 0.972656 0.692969 0.054688 0.142187
4 0.628906 0.366797 0.067187 0.158594
3 0.538281 0.303516 0.054688 0.116406
3 0.647266 0.220703 0.100781 0.078906
2 0.656641 0.257031 0.044531 0.051563
1 0.718359 0.263672 0.014844 0.046094
4 0.558984 0.228516 0.064844 0.107031
1 0.405078 0.216016 0.022656 0.032031
1 0.490625 0.226562 0.025000 0.040625
1 0.095703 0.191406 0.016406 0.039062
1 0.148828 0.191406 0.013281 0.035938
