3 0.390625 0.532422 0.103125 0.171094
2 0.570703 0.457422 0.057031 0.092969
2 0.664062 0.494531 0.053125 0.098438
2 0.634766 0.390625 0.041406 0.065625
2 0.690625 0.391797 0.034375 0.055469
1 0.620703 0.544922 0.028906 0.080469
1 0.661719 0.680469 0.060938 0.135938
1 0.550781 0.771875 0.039062 0.150000
1 0.398438 0.821484 0.059375 0.180469
1 0.716406 0.530859 0.032813 0.080469
1 0.737891 0.468359 0.028906 0.080469
1 0.725000 0.409375 0.021875 0.071875
1 0.740234 0.412891 0.021094 0.044531
1 0.761719 0.555078 0.026563 0.107031
1 0.785156 0.527734 0.029688 0.083594
1 0.815625 0.576953 0.028125 0.094531
1 0.849219 0.542188 0.035938 0.087500
1 0.779688 0.457813 0.018750 0.062500
1 0.773828 0.409375 0.022656 0.062500
1 0.817578 0.428906 0.019531 0.039062
1 0.818750 0.460938 0.025000 0.071875
