1 0.981641 0.861328 0.028906 0.253906
1 0.706250 0.541797 0.018750 0.071094
1 0.767188 0.390625 0.012500 0.037500
1 0.883984 0.578516 0.030469 0.082031
1 0.988672 0.893359 0.017969 0.180469
1 0.772656 0.491016 0.020313 0.069531
1 0.541016 0.640625 0.032031 0.121875
1 0.799219 0.468750 0.020313 0.065625
1 0.749219 0.503516 0.017188 0.069531
1 0.638281 0.563672 0.020313 0.092969
1 0.877344 0.443750 0.020313 0.065625
1 0.787500 0.648047 0.021875 0.105469
1 0.723438 0.610547 0.025000 0.096094
1 0.498828 0.840625 0.044531 0.159375
2 0.124219 0.771484 0.173438 0.146094
1 0.607422 0.595703 0.030469 0.107031
1 0.839063 0.557422 0.021875 0.083594
1 0.178516 0.928516 0.063281 0.141406
1 0.669531 0.595703 0.029688 0.091406
1 0.434766 0.735938 0.035156 0.125000
2 0.291406 0.598438 0.104688 0.109375
1 0.700000 0.756250 0.034375 0.146875
1 0.573828 0.717578 0.032031 0.157031
1 0.396094 0.829688 0.051563 0.159375
1 0.614063 0.514062 0.018750 0.075000
2 0.575391 0.441406 0.047656 0.060938
1 0.861328 0.537500 0.016406 0.078125
1 0.688281 0.501172 0.017188 0.067969
1 0.669531 0.527344 0.020313 0.073438
1 0.717188 0.453906 0.015625 0.064063
1 0.674609 0.446484 0.014844 0.058594
1 0.696094 0.455859 0.017188 0.058594
1 0.741406 0.447656 0.017188 0.060938
1 0.726562 0.410156 0.015625 0.051563
2 0.664062 0.419531 0.034375 0.060938
2 0.645703 0.363672 0.028906 0.042969
2 0.713281 0.370313 0.029688 0.059375
1 0.741016 0.377734 0.016406 0.046094
1 0.757812 0.434766 0.012500 0.053906
1 0.772656 0.435156 0.014063 0.048438
1 0.841406 0.463281 0.017188 0.048438
