3 0.676953 0.469141 0.122656 0.216406
1 0.851953 0.559375 0.044531 0.140625
1 0.913281 0.817969 0.064063 0.201563
2 0.607813 0.269531 0.046875 0.076563
1 0.674609 0.326172 0.027344 0.071094
2 0.429688 0.378906 0.071875 0.139063
1 0.276953 0.491016 0.032031 0.119531
1 0.303516 0.405469 0.035156 0.101562
1 0.268750 0.360547 0.021875 0.083594
1 0.146875 0.646875 0.068750 0.146875
1 0.221875 0.525781 0.056250 0.139063
1 0.083203 0.397266 0.063281 0.103906
1 0.359375 0.310938 0.018750 0.078125
1 0.334766 0.290234 0.025781 0.067969
1 0.378125 0.251563 0.021875 0.065625
1 0.482031 0.265625 0.042188 0.059375
1 0.138672 0.840625 0.067969 0.237500
1 0.300391 0.303906 0.019531 0.089063
1 0.348438 0.243750 0.015625 0.053125
1 0.395703 0.264063 0.016406 0.062500
1 0.729297 0.393359 0.030469 0.080469
