1 0.113672 0.455859 0.027344 0.117969
1 0.359766 0.215625 0.022656 0.040625
1 0.413672 0.222266 0.027344 0.057031
2 0.470313 0.225391 0.059375 0.053906
2 0.573438 0.728125 0.125000 0.203125
2 0.525000 0.460938 0.071875 0.137500
2 0.623047 0.456250 0.064844 0.112500
2 0.613281 0.376953 0.048438 0.069531
2 0.555078 0.337500 0.044531 0.087500
2 0.606250 0.315625 0.037500 0.062500
3 0.621875 0.267188 0.046875 0.078125
2 0.688281 0.621875 0.139063 0.200000
3 0.901172 0.842188 0.189844 0.309375
3 0.680469 0.233203 0.064063 0.082031
1 0.704297 0.284766 0.014844 0.057031
4 0.539453 0.250000 0.072656 0.112500
4 0.186719 0.205859 0.057813 0.117969
