4 0.201172 0.303906 0.055469 0.160938
4 0.599609 0.230859 0.046094 0.067969
2 0.875391 0.872266 0.247656 0.253906
3 0.584375 0.660938 0.118750 0.287500
2 0.648828 0.478125 0.078906 0.137500
2 0.541797 0.462891 0.071094 0.107031
2 0.602344 0.361328 0.054688 0.082031
2 0.592578 0.301953 0.038281 0.044531
2 0.698047 0.248828 0.061719 0.053906
2 0.637109 0.263281 0.027344 0.039062
2 0.649609 0.232031 0.042969 0.051563
2 0.534375 0.321094 0.046875 0.076563
2 0.367188 0.357813 0.050000 0.096875
4 0.194141 0.180469 0.060156 0.101562
1 0.126953 0.263281 0.013281 0.064063
1 0.384766 0.230078 0.028906 0.044531
1 0.504688 0.232031 0.025000 0.051563
1 0.753516 0.402734 0.022656 0.067969
