2 0.367578 0.693750 0.153906 0.396875
1 0.300000 0.383984 0.034375 0.121094
1 0.157422 0.640234 0.061719 0.133594
1 0.243750 0.403906 0.034375 0.126562
1 0.344922 0.333594 0.027344 0.089063
1 0.673828 0.384766 0.028906 0.107031
1 0.713281 0.395703 0.026563 0.103906
1 0.717578 0.304688 0.019531 0.059375
1 0.600391 0.299219 0.025781 0.085938
1 0.368359 0.275391 0.030469 0.078906
1 0.392578 0.242578 0.025781 0.057031
1 0.607813 0.219922 0.028125 0.058594
1 0.522266 0.232813 0.028906 0.071875
1 0.632422 0.244141 0.021094 0.069531
1 0.076953 0.403516 0.050781 0.069531
1 0.214844 0.287500 0.054688 0.062500
1 0.310156 0.267188 0.020313 0.071875
1 0.335156 0.290625 0.020313 0.075000
1 0.439844 0.240625 0.029688 0.065625
