2 0.390234 0.573828 0.089844 0.191406
2 0.761719 0.617578 0.135938 0.191406
1 0.766016 0.454297 0.032031 0.105469
1 0.727734 0.363281 0.033594 0.089063
1 0.600391 0.327734 0.022656 0.067969
2 0.581641 0.299219 0.050781 0.073438
2 0.609375 0.246094 0.046875 0.060938
1 0.067969 0.395703 0.054688 0.069531
1 0.312891 0.415234 0.028906 0.083594
1 0.290625 0.395703 0.021875 0.082031
1 0.339063 0.291016 0.018750 0.069531
1 0.296094 0.319141 0.020313 0.057031
1 0.952344 0.859375 0.095313 0.278125
1 0.378125 0.262500 0.015625 0.065625
1 0.415234 0.257812 0.017969 0.059375
1 0.341797 0.240625 0.014844 0.034375
1 0.369141 0.246094 0.016406 0.051563
1 0.541406 0.237109 0.020313 0.071094
1 0.521484 0.234375 0.014844 0.050000
