1 0.247656 0.839453 0.057813 0.144531
1 0.534766 0.784375 0.050781 0.128125
1 0.409766 0.767969 0.057031 0.135938
1 0.770313 0.742578 0.043750 0.116406
1 0.798828 0.451563 0.022656 0.059375
1 0.762891 0.517969 0.028906 0.076563
1 0.463281 0.561328 0.032813 0.082031
1 0.365625 0.702344 0.046875 0.114063
1 0.595313 0.905469 0.056250 0.135938
1 0.827734 0.458203 0.024219 0.066406
1 0.715625 0.503906 0.028125 0.076563
1 0.610547 0.490234 0.027344 0.071094
1 0.651953 0.752734 0.044531 0.117969
1 0.775391 0.605078 0.035156 0.094531
1 0.730078 0.646484 0.035156 0.096094
1 0.541797 0.630859 0.030469 0.083594
1 0.776172 0.477344 0.024219 0.064063
1 0.330078 0.812891 0.050781 0.119531
1 0.505469 0.728516 0.039062 0.107031
1 0.653516 0.645313 0.035156 0.090625
1 0.478906 0.703125 0.042188 0.121875
1 0.337109 0.921484 0.064844 0.133594
1 0.635938 0.628906 0.031250 0.089063
1 0.657422 0.494141 0.027344 0.066406
1 0.825781 0.391406 0.020313 0.051563
1 0.569922 0.696875 0.039844 0.103125
1 0.765625 0.378906 0.015625 0.051563
1 0.839844 0.369531 0.017188 0.048438
1 0.807031 0.364844 0.017188 0.048438
1 0.754688 0.371875 0.012500 0.037500
2 0.558203 0.559766 0.075781 0.103906
2 0.696875 0.422656 0.046875 0.073438
2 0.528906 0.476953 0.057813 0.082031
2 0.666406 0.565625 0.064063 0.096875
2 0.635547 0.396094 0.039844 0.064063
2 0.630469 0.453125 0.035938 0.062500
