4 0.232422 0.635156 0.292969 0.714063
2 0.557422 0.578906 0.092969 0.148438
2 0.568359 0.382812 0.061719 0.109375
2 0.549219 0.307031 0.039062 0.076563
2 0.216016 0.359375 0.047656 0.078125
2 0.275000 0.276562 0.040625 0.053125
4 0.198828 0.229688 0.050781 0.090625
4 0.212109 0.196875 0.061719 0.100000
4 0.699219 0.504688 0.151563 0.278125
1 0.943750 0.606641 0.050000 0.144531
4 0.644531 0.238672 0.089063 0.146094
4 0.575000 0.222266 0.065625 0.119531
1 0.435547 0.233984 0.027344 0.033594
1 0.451563 0.218750 0.021875 0.037500
