1 0.403125 0.758984 0.050000 0.133594
1 0.804297 0.493750 0.021094 0.071875
1 0.282422 0.754688 0.058594 0.140625
1 0.799219 0.615234 0.032813 0.096094
1 0.703906 0.601562 0.026563 0.100000
1 0.764844 0.496875 0.023438 0.078125
1 0.544141 0.699609 0.038281 0.096094
1 0.785156 0.433594 0.023438 0.060938
1 0.707422 0.463281 0.024219 0.064063
1 0.723047 0.591406 0.027344 0.089063
1 0.730469 0.427344 0.023438 0.060938
1 0.845313 0.465625 0.021875 0.062500
1 0.654297 0.617578 0.030469 0.091406
1 0.470703 0.675391 0.044531 0.119531
1 0.611328 0.919531 0.053906 0.135938
1 0.825000 0.494922 0.021875 0.067969
1 0.706250 0.409766 0.021875 0.057031
1 0.753906 0.675781 0.035938 0.114063
1 0.668359 0.896484 0.042969 0.142969
1 0.731641 0.529297 0.025781 0.071094
1 0.576172 0.503906 0.030469 0.076563
1 0.632812 0.668359 0.025000 0.092969
1 0.704297 0.794531 0.039844 0.139063
1 0.826563 0.785547 0.040625 0.133594
1 0.842578 0.537109 0.028906 0.080469
1 0.441797 0.656641 0.036719 0.107031
1 0.880469 0.575391 0.029688 0.082031
1 0.692969 0.441406 0.023438 0.060938
1 0.573828 0.642188 0.028906 0.087500
1 0.825781 0.437500 0.020313 0.059375
1 0.616016 0.641016 0.022656 0.103906
1 0.768359 0.399609 0.017969 0.055469
1 0.873047 0.412500 0.021094 0.059375
1 0.698047 0.533203 0.024219 0.069531
1 0.817188 0.381250 0.018750 0.050000
1 0.850781 0.396484 0.020313 0.058594
2 0.601172 0.791016 0.080469 0.144531
2 0.669141 0.507031 0.050781 0.085938
2 0.613672 0.401563 0.030469 0.050000
2 0.580078 0.589844 0.057031 0.098438
1 0.533594 0.650000 0.020313 0.075000
1 0.911328 0.612500 0.044531 0.065625
