1 0.323828 0.321094 0.016406 0.060938
1 0.303125 0.400781 0.018750 0.098438
1 0.356641 0.303516 0.016406 0.066406
1 0.258984 0.378125 0.024219 0.100000
1 0.132031 0.626563 0.039062 0.162500
1 0.375781 0.221094 0.007812 0.039062
1 0.423828 0.171484 0.010156 0.046094
1 0.355859 0.255078 0.014844 0.044531
2 0.724219 0.914062 0.201563 0.171875
4 0.592969 0.463281 0.110938 0.226562
4 0.528125 0.173047 0.043750 0.108594
4 0.540234 0.280859 0.052344 0.121094
1 0.325000 0.279688 0.018750 0.034375
2 0.576172 0.217969 0.027344 0.048438
