1 0.477734 0.796875 0.052344 0.146875
1 0.611719 0.658984 0.039062 0.105469
1 0.690234 0.660938 0.039844 0.109375
1 0.644531 0.560156 0.032813 0.089063
1 0.768359 0.823438 0.042969 0.140625
1 0.729297 0.480469 0.024219 0.064063
1 0.777344 0.467188 0.023438 0.065625
1 0.692188 0.501563 0.028125 0.071875
1 0.751172 0.530859 0.030469 0.083594
1 0.862500 0.437500 0.025000 0.062500
1 0.746875 0.441016 0.021875 0.057031
1 0.814844 0.477734 0.026563 0.071094
1 0.825781 0.421875 0.020313 0.053125
1 0.784766 0.422656 0.019531 0.051563
1 0.736328 0.409375 0.019531 0.046875
1 0.703906 0.411328 0.023438 0.057031
1 0.755469 0.409375 0.017188 0.050000
1 0.379297 0.953125 0.071094 0.090625
1 0.804688 0.437109 0.015625 0.055469
2 0.573828 0.446875 0.050781 0.071875
2 0.360547 0.549609 0.077344 0.096094
2 0.590625 0.375391 0.037500 0.057031
2 0.666797 0.328516 0.033594 0.053906
3 0.618750 0.351172 0.034375 0.058594
