2 0.448828 0.551563 0.082031 0.103125
1 0.873438 0.462109 0.015625 0.058594
1 0.826563 0.520703 0.015625 0.069531
2 0.685938 0.739844 0.096875 0.160938
1 0.832422 0.424219 0.014844 0.048438
1 0.500000 0.702734 0.031250 0.092969
1 0.846484 0.557813 0.024219 0.065625
1 0.697656 0.957813 0.045313 0.084375
2 0.368750 0.552734 0.078125 0.080469
1 0.585156 0.945312 0.048438 0.109375
1 0.724609 0.607422 0.027344 0.096094
1 0.815234 0.413672 0.014844 0.055469
1 0.307031 0.825781 0.054688 0.185938
1 0.674219 0.916016 0.035938 0.166406
1 0.347266 0.710938 0.035156 0.103125
2 0.066797 0.825391 0.130469 0.153906
1 0.400781 0.770313 0.035938 0.128125
1 0.860156 0.788281 0.029688 0.173438
1 0.616406 0.664453 0.032813 0.116406
2 0.473438 0.882031 0.125000 0.235938
1 0.821094 0.698828 0.029688 0.141406
1 0.180859 0.804688 0.055469 0.146875
1 0.569531 0.674609 0.035938 0.155469
1 0.747656 0.863281 0.039062 0.160938
1 0.342188 0.876172 0.053125 0.180469
1 0.242969 0.933594 0.051563 0.132812
2 0.648828 0.441406 0.047656 0.064063
2 0.600781 0.505469 0.054688 0.073438
2 0.544531 0.480469 0.051563 0.076563
2 0.489844 0.465625 0.051563 0.059375
1 0.527344 0.546875 0.023438 0.075000
1 0.488281 0.584375 0.029688 0.084375
1 0.524219 0.650781 0.032813 0.101562
1 0.545703 0.605469 0.028906 0.085938
1 0.579297 0.618750 0.027344 0.090625
1 0.667578 0.623438 0.025781 0.090625
3 0.729688 0.437891 0.059375 0.144531
1 0.766016 0.521875 0.022656 0.078125
1 0.709766 0.519141 0.022656 0.069531
2 0.638281 0.565625 0.054688 0.071875
1 0.376563 0.657813 0.034375 0.103125
1 0.413281 0.683984 0.035938 0.105469
2 0.560937 0.403125 0.037500 0.053125
2 0.619531 0.400781 0.042188 0.048438
1 0.788672 0.396875 0.014844 0.053125
2 0.616016 0.359375 0.028906 0.040625
