1 0.274609 0.812500 0.058594 0.150000
1 0.667188 0.522656 0.025000 0.073438
1 0.642969 0.507422 0.026563 0.080469
1 0.628516 0.670313 0.038281 0.115625
1 0.683984 0.617188 0.030469 0.090625
1 0.533594 0.717188 0.042188 0.125000
1 0.785938 0.560547 0.028125 0.080469
1 0.433203 0.605859 0.038281 0.108594
1 0.783203 0.743750 0.041406 0.125000
1 0.721484 0.433203 0.021094 0.057031
1 0.768750 0.628516 0.031250 0.091406
1 0.817578 0.464844 0.025781 0.060938
1 0.848438 0.656250 0.040625 0.115625
1 0.711719 0.521875 0.026563 0.071875
1 0.746875 0.589453 0.028125 0.078906
1 0.755078 0.446875 0.022656 0.059375
1 0.696875 0.575000 0.028125 0.075000
1 0.785547 0.406641 0.021094 0.053906
1 0.505078 0.608594 0.035156 0.101562
1 0.816797 0.517188 0.027344 0.075000
1 0.868750 0.882812 0.046875 0.159375
1 0.735938 0.491016 0.021875 0.066406
1 0.807422 0.613281 0.033594 0.098438
1 0.806250 0.421875 0.018750 0.053125
1 0.696875 0.715625 0.034375 0.115625
1 0.751172 0.530078 0.024219 0.066406
1 0.743750 0.670313 0.034375 0.103125
1 0.824609 0.409375 0.017969 0.053125
1 0.692969 0.460156 0.023438 0.060938
1 0.672266 0.453906 0.019531 0.064063
1 0.888281 0.391797 0.020313 0.058594
1 0.841016 0.397656 0.019531 0.051563
1 0.757812 0.378125 0.018750 0.046875
2 0.497266 0.867578 0.100781 0.203906
2 0.689453 0.413281 0.038281 0.051563
2 0.654688 0.373047 0.034375 0.042969
