1 0.146875 0.294922 0.018750 0.058594
1 0.437891 0.231250 0.025781 0.037500
1 0.465625 0.221484 0.018750 0.046094
1 0.521875 0.224219 0.025000 0.039062
1 0.693750 0.273438 0.015625 0.065625
2 0.880469 0.896484 0.239063 0.205469
2 0.616406 0.843750 0.148438 0.287500
2 0.684375 0.545703 0.100000 0.157031
2 0.612109 0.403516 0.058594 0.094531
2 0.534375 0.410938 0.059375 0.115625
2 0.530078 0.332422 0.047656 0.058594
2 0.605078 0.328125 0.047656 0.062500
2 0.597656 0.285938 0.032813 0.046875
2 0.532813 0.279297 0.043750 0.046094
2 0.652734 0.239063 0.039844 0.040625
4 0.587891 0.235938 0.060156 0.078125
2 0.252734 0.221484 0.039844 0.058594
4 0.135156 0.193359 0.039062 0.080469
