1 0.558203 0.841016 0.053906 0.203906
1 0.173438 0.797656 0.043750 0.198438
1 0.727734 0.633594 0.030469 0.139063
1 0.274219 0.701563 0.039062 0.190625
1 0.800781 0.642969 0.051563 0.135938
1 0.126953 0.648047 0.041406 0.167969
1 0.627344 0.407422 0.023438 0.092969
1 0.753906 0.503906 0.035938 0.114063
1 0.303516 0.462500 0.028906 0.121875
1 0.151563 0.369922 0.062500 0.096094
1 0.292578 0.341406 0.022656 0.089063
1 0.711719 0.503906 0.026563 0.110938
1 0.665625 0.440234 0.025000 0.096094
1 0.957031 0.903125 0.060938 0.190625
1 0.719922 0.368750 0.024219 0.090625
1 0.260547 0.364063 0.027344 0.084375
1 0.604688 0.317188 0.018750 0.078125
1 0.931250 0.741406 0.059375 0.148438
1 0.868750 0.711328 0.050000 0.119531
1 0.644922 0.308203 0.021094 0.066406
1 0.065625 0.950391 0.056250 0.091406
1 0.322266 0.325391 0.019531 0.091406
1 0.292969 0.409375 0.026563 0.100000
1 0.621484 0.283984 0.017969 0.071094
1 0.643750 0.394531 0.025000 0.089063
1 0.667188 0.366406 0.021875 0.085938
1 0.977344 0.748828 0.045313 0.144531
2 0.393359 0.868359 0.133594 0.258594
2 0.556641 0.641016 0.085156 0.169531
2 0.846875 0.863672 0.146875 0.221094
2 0.649609 0.543359 0.083594 0.146094
2 0.465234 0.265625 0.036719 0.090625
2 0.365234 0.342969 0.058594 0.098438
2 0.417578 0.253125 0.032031 0.065625
4 0.560156 0.310938 0.064063 0.150000
4 0.440234 0.399219 0.067969 0.164062
1 0.718750 0.424609 0.015625 0.055469
1 0.771875 0.478125 0.018750 0.096875
1 0.859375 0.579297 0.037500 0.092969
1 0.859375 0.623828 0.037500 0.069531
1 0.970313 0.786719 0.040625 0.064063
