1 0.211719 0.843750 0.070312 0.190625
1 0.430859 0.640625 0.036719 0.100000
1 0.460938 0.670313 0.034375 0.128125
1 0.466797 0.599219 0.030469 0.073438
1 0.499219 0.575781 0.035938 0.098438
1 0.508594 0.653516 0.042188 0.091406
1 0.550391 0.592187 0.047656 0.109375
1 0.471875 0.891016 0.050000 0.107031
1 0.519141 0.943750 0.053906 0.112500
1 0.818750 0.790625 0.062500 0.134375
1 0.725781 0.647266 0.035938 0.107031
1 0.785156 0.640625 0.035938 0.103125
1 0.850781 0.582813 0.032813 0.078125
1 0.904688 0.615234 0.031250 0.121094
1 0.882422 0.699219 0.049219 0.126562
1 0.771484 0.467578 0.024219 0.082031
1 0.810156 0.492969 0.032813 0.101562
1 0.827344 0.457031 0.029688 0.089063
1 0.850000 0.419141 0.034375 0.082031
1 0.881641 0.393750 0.016406 0.084375
1 0.741016 0.427344 0.041406 0.089063
2 0.396094 0.494922 0.067187 0.133594
2 0.432031 0.565625 0.089063 0.125000
2 0.676563 0.444922 0.056250 0.083594
2 0.746875 0.523438 0.050000 0.075000
2 0.653906 0.577734 0.076563 0.121094
2 0.671094 0.346484 0.042188 0.067969
3 0.638281 0.756250 0.151563 0.403125
