1 0.248438 0.658984 0.056250 0.183594
1 0.180469 0.634766 0.051563 0.169531
1 0.117188 0.579688 0.050000 0.140625
1 0.084375 0.407813 0.059375 0.100000
1 0.208594 0.282813 0.048438 0.046875
1 0.294531 0.359375 0.045313 0.087500
1 0.183203 0.446875 0.053906 0.090625
1 0.231641 0.459766 0.032031 0.091406
1 0.329297 0.329688 0.027344 0.090625
1 0.353516 0.386328 0.025781 0.103906
1 0.304688 0.300781 0.028125 0.060938
1 0.420313 0.282813 0.028125 0.059375
1 0.692578 0.271875 0.016406 0.078125
1 0.636719 0.255469 0.035938 0.085938
1 0.678516 0.742969 0.053906 0.235938
1 0.389844 0.240625 0.017188 0.062500
1 0.356250 0.252734 0.021875 0.067969
