1 0.863281 0.506250 0.026563 0.078125
1 0.456250 0.674219 0.040625 0.114063
1 0.265625 0.867188 0.062500 0.162500
1 0.767578 0.699609 0.038281 0.121094
1 0.169531 0.866406 0.070312 0.173438
1 0.679688 0.534766 0.018750 0.082031
1 0.689453 0.757031 0.041406 0.123438
1 0.392578 0.661328 0.041406 0.116406
1 0.705469 0.551563 0.029688 0.087500
1 0.644531 0.516016 0.026563 0.082031
1 0.715625 0.489453 0.025000 0.069531
1 0.817188 0.529687 0.021875 0.075000
1 0.504688 0.635156 0.037500 0.114063
1 0.784375 0.419922 0.021875 0.058594
1 0.854297 0.405859 0.021094 0.055469
1 0.556250 0.628906 0.037500 0.110938
1 0.837891 0.474219 0.022656 0.064063
1 0.396484 0.828125 0.046094 0.140625
1 0.806641 0.396875 0.019531 0.050000
1 0.441797 0.767188 0.046094 0.115625
1 0.589453 0.478516 0.022656 0.066406
1 0.836719 0.421484 0.020313 0.055469
1 0.544922 0.534375 0.027344 0.087500
1 0.741016 0.521875 0.025781 0.075000
1 0.739063 0.426172 0.021875 0.058594
1 0.772656 0.480859 0.023438 0.071094
1 0.803125 0.480469 0.021875 0.064063
1 0.606250 0.534766 0.025000 0.078906
1 0.746875 0.476172 0.021875 0.058594
1 0.745703 0.356250 0.019531 0.046875
1 0.611719 0.616406 0.026563 0.085938
1 0.614844 0.490234 0.020313 0.071094
1 0.880078 0.645703 0.032031 0.107031
1 0.813281 0.448047 0.020313 0.058594
1 0.830859 0.383594 0.017969 0.048438
1 0.590625 0.506641 0.021875 0.069531
1 0.676172 0.479297 0.017969 0.055469
2 0.633203 0.701563 0.078906 0.146875
2 0.495703 0.905859 0.107031 0.171094
2 0.716016 0.403906 0.038281 0.064063
2 0.562500 0.403125 0.043750 0.062500
2 0.574219 0.587109 0.054688 0.105469
3 0.647656 0.423047 0.039062 0.083594
