1 0.589844 0.798047 0.045313 0.196094
1 0.463672 0.564453 0.074219 0.119531
1 0.379688 0.435938 0.062500 0.100000
1 0.489063 0.462891 0.068750 0.103906
1 0.552344 0.453125 0.057813 0.100000
1 0.621875 0.437891 0.059375 0.094531
1 0.198438 0.503906 0.034375 0.110938
1 0.711328 0.728125 0.044531 0.165625
1 0.517188 0.398047 0.034375 0.092969
1 0.963281 0.946094 0.054688 0.107813
1 0.509766 0.310156 0.028906 0.076563
1 0.332422 0.325781 0.017969 0.085938
1 0.699609 0.339453 0.021094 0.082031
1 0.355078 0.296875 0.022656 0.078125
1 0.408984 0.293359 0.017969 0.071094
1 0.604297 0.228906 0.021094 0.051563
1 0.285938 0.298438 0.021875 0.071875
2 0.114844 0.466406 0.167188 0.126562
2 0.815625 0.530078 0.140625 0.119531
4 0.455469 0.253516 0.042188 0.107031
4 0.582422 0.310938 0.067969 0.146875
4 0.510156 0.156250 0.032813 0.084375
2 0.387891 0.242188 0.038281 0.065625
2 0.412109 0.391016 0.096094 0.091406
