1 0.526563 0.783594 0.043750 0.135938
1 0.454297 0.770313 0.046094 0.137500
1 0.732031 0.476562 0.023438 0.065625
1 0.816797 0.521875 0.024219 0.071875
1 0.775391 0.659375 0.038281 0.109375
1 0.664844 0.742969 0.039062 0.123438
1 0.787891 0.498828 0.016406 0.069531
1 0.839063 0.494531 0.021875 0.060938
1 0.637500 0.494531 0.025000 0.076563
1 0.810156 0.460547 0.020313 0.058594
1 0.614063 0.669922 0.034375 0.105469
1 0.847656 0.561328 0.035938 0.091406
1 0.684375 0.587891 0.031250 0.094531
1 0.658203 0.446875 0.022656 0.062500
1 0.877734 0.473828 0.024219 0.066406
1 0.683594 0.517578 0.026563 0.069531
1 0.618750 0.529687 0.028125 0.087500
1 0.852734 0.462500 0.021094 0.059375
1 0.491797 0.662891 0.039844 0.116406
1 0.871484 0.561719 0.036719 0.089063
1 0.584766 0.753125 0.041406 0.125000
1 0.716016 0.447266 0.019531 0.057031
1 0.832422 0.417578 0.021094 0.053906
1 0.816797 0.399219 0.021094 0.048438
1 0.775781 0.424609 0.020313 0.055469
1 0.740625 0.445312 0.015625 0.050000
1 0.779688 0.342578 0.015625 0.044531
1 0.791406 0.439453 0.017188 0.053906
1 0.807813 0.328125 0.015625 0.037500
2 0.737109 0.409766 0.036719 0.053906
2 0.715234 0.370703 0.033594 0.053906
2 0.643359 0.371875 0.030469 0.053125
2 0.028125 0.910547 0.053125 0.167969
1 0.774219 0.479688 0.014063 0.071875
1 0.649609 0.383984 0.014844 0.042969
