1 0.082813 0.399609 0.065625 0.067969
3 0.592578 0.240234 0.060156 0.117969
1 0.663281 0.334375 0.014063 0.046875
1 0.706250 0.346484 0.025000 0.083594
1 0.681250 0.257422 0.015625 0.055469
1 0.632031 0.228125 0.020313 0.046875
1 0.350000 0.409766 0.031250 0.094531
1 0.318359 0.383984 0.027344 0.105469
1 0.292969 0.460938 0.035938 0.121875
1 0.260156 0.458203 0.029688 0.107031
1 0.183984 0.648047 0.055469 0.142969
1 0.205078 0.549219 0.041406 0.101562
1 0.219141 0.463281 0.038281 0.098438
1 0.044141 0.706250 0.066406 0.178125
1 0.362500 0.267969 0.025000 0.073438
1 0.410938 0.326563 0.021875 0.071875
1 0.396875 0.244531 0.021875 0.060938
