1 0.723438 0.419141 0.021875 0.091406
1 0.393359 0.220703 0.011719 0.041406
1 0.342578 0.302344 0.016406 0.073438
1 0.635938 0.282031 0.018750 0.060938
1 0.432422 0.160156 0.011719 0.048438
1 0.010938 0.808594 0.021875 0.117188
2 0.399609 0.532422 0.077344 0.180469
2 0.189063 0.694922 0.146875 0.317969
2 0.441797 0.258203 0.036719 0.057031
2 0.654688 0.370313 0.059375 0.075000
4 0.607813 0.565625 0.159375 0.350000
4 0.565625 0.294531 0.071875 0.160938
4 0.525000 0.155078 0.028125 0.069531
1 0.342578 0.253516 0.016406 0.032031
