1 0.694141 0.458594 0.019531 0.076563
1 0.838281 0.467969 0.017188 0.060938
1 0.801563 0.475000 0.015625 0.071875
1 0.717188 0.503516 0.021875 0.066406
1 0.645313 0.494531 0.018750 0.076563
1 0.761328 0.507031 0.022656 0.076563
2 0.577344 0.443750 0.042188 0.062500
1 0.659766 0.536719 0.022656 0.076563
1 0.874609 0.570703 0.030469 0.091406
1 0.816406 0.513281 0.023438 0.076563
1 0.603516 0.674609 0.028906 0.117969
2 0.190625 0.749609 0.162500 0.171094
1 0.560937 0.584375 0.021875 0.100000
1 0.453906 0.750781 0.042188 0.139063
1 0.729688 0.590234 0.025000 0.096094
1 0.277344 0.806250 0.057813 0.150000
2 0.578125 0.391797 0.037500 0.042969
2 0.690234 0.353125 0.027344 0.053125
1 0.563281 0.526563 0.017188 0.059375
2 0.624609 0.354688 0.027344 0.053125
1 0.756250 0.426172 0.015625 0.058594
1 0.721484 0.423438 0.014844 0.050000
1 0.699609 0.413281 0.014844 0.035938
1 0.787500 0.402344 0.015625 0.051563
1 0.808594 0.389844 0.014063 0.051563
1 0.828516 0.405469 0.010156 0.051563
1 0.742188 0.397656 0.012500 0.051563
1 0.673047 0.463281 0.014844 0.060938
1 0.863672 0.496875 0.021094 0.062500
