1 0.473828 0.797266 0.047656 0.132031
1 0.690625 0.507812 0.028125 0.071875
1 0.784375 0.574219 0.034375 0.089063
1 0.848438 0.439063 0.025000 0.059375
1 0.642969 0.643750 0.035938 0.100000
1 0.745703 0.509375 0.028906 0.071875
1 0.708203 0.641797 0.035156 0.092969
1 0.816406 0.433203 0.023438 0.053906
1 0.699609 0.450781 0.024219 0.060938
1 0.831641 0.494922 0.028906 0.071094
1 0.530078 0.618359 0.035156 0.092969
1 0.776953 0.427734 0.022656 0.055469
1 0.567969 0.630469 0.035938 0.101562
1 0.957813 0.880859 0.050000 0.180469
1 0.238672 0.939453 0.071094 0.116406
1 0.500391 0.669922 0.038281 0.108594
1 0.728125 0.588281 0.031250 0.085938
1 0.840625 0.384375 0.021875 0.050000
1 0.760547 0.392969 0.017969 0.048438
1 0.650000 0.546094 0.028125 0.076563
1 0.786328 0.490625 0.025781 0.065625
1 0.450391 0.740234 0.035156 0.108594
1 0.628906 0.465234 0.023438 0.055469
1 0.634375 0.494922 0.025000 0.067969
1 0.654297 0.478906 0.021094 0.064063
1 0.744141 0.404297 0.022656 0.055469
1 0.697656 0.423828 0.023438 0.053906
1 0.808203 0.390234 0.019531 0.046094
1 0.783984 0.385938 0.017969 0.046875
1 0.791406 0.452344 0.020313 0.048438
2 0.623438 0.396875 0.040625 0.059375
2 0.526953 0.431641 0.041406 0.057031
2 0.559375 0.458203 0.050000 0.066406
2 0.605078 0.363672 0.032031 0.046094
2 0.661719 0.336328 0.029688 0.044531
2 0.629688 0.320703 0.028125 0.041406
