1 0.135156 0.578125 0.054688 0.140625
1 0.234766 0.490625 0.041406 0.137500
1 0.352344 0.294531 0.026563 0.073438
1 0.721094 0.407422 0.029688 0.083594
1 0.768750 0.483594 0.034375 0.123438
1 0.650391 0.290625 0.016406 0.065625
1 0.676172 0.291016 0.021094 0.069531
1 0.580469 0.233594 0.014063 0.048438
1 0.641406 0.226562 0.010938 0.053125
1 0.623047 0.201953 0.014844 0.053906
1 0.680078 0.237891 0.013281 0.041406
2 0.349219 0.163672 0.051563 0.046094
2 0.428125 0.241406 0.040625 0.064063
2 0.473828 0.132031 0.016406 0.035938
2 0.649219 0.757812 0.164062 0.278125
4 0.567188 0.392188 0.087500 0.221875
3 0.435547 0.175391 0.049219 0.078906
