1 0.810938 0.436719 0.021875 0.060938
1 0.666406 0.549609 0.026563 0.080469
1 0.708984 0.754688 0.046094 0.128125
1 0.761328 0.398047 0.019531 0.055469
1 0.724219 0.410547 0.020313 0.058594
1 0.552344 0.604688 0.029688 0.087500
1 0.487109 0.923828 0.058594 0.119531
1 0.840234 0.405078 0.021094 0.057031
1 0.631641 0.481641 0.025781 0.078906
1 0.379297 0.746875 0.049219 0.134375
1 0.583203 0.937500 0.057031 0.109375
1 0.563281 0.682813 0.039062 0.112500
1 0.801953 0.395703 0.019531 0.053906
1 0.724219 0.497656 0.026563 0.073438
1 0.744141 0.432422 0.019531 0.058594
1 0.666016 0.460547 0.025781 0.071094
1 0.782422 0.428125 0.021094 0.059375
1 0.679297 0.517188 0.024219 0.071875
1 0.821094 0.390234 0.020313 0.055469
1 0.739844 0.383594 0.017188 0.048438
1 0.885156 0.391016 0.023438 0.057031
1 0.778906 0.368750 0.014063 0.046875
2 0.777344 0.585938 0.110938 0.115625
2 0.300391 0.673828 0.110156 0.128906
2 0.447266 0.487109 0.069531 0.083594
2 0.630469 0.309375 0.029688 0.050000
3 0.575000 0.417969 0.084375 0.110938
