2 0.314844 0.578516 0.120313 0.119531
2 0.508594 0.450000 0.067187 0.084375
2 0.575781 0.396484 0.051563 0.083594
3 0.604297 0.352734 0.039844 0.092969
2 0.582422 0.628906 0.071094 0.126562
3 0.644141 0.405469 0.066406 0.139063
1 0.690234 0.501563 0.049219 0.134375
1 0.637109 0.524609 0.030469 0.092969
1 0.592578 0.690234 0.038281 0.121094
1 0.460938 0.715234 0.059375 0.155469
1 0.375781 0.734766 0.048438 0.103906
1 0.323047 0.810547 0.064844 0.146094
1 0.295313 0.755078 0.043750 0.166406
1 0.762891 0.600391 0.022656 0.103906
1 0.801953 0.594922 0.047656 0.080469
1 0.801563 0.669531 0.028125 0.085938
1 0.827734 0.771094 0.030469 0.123438
1 0.794922 0.826172 0.033594 0.092969
1 0.812109 0.932422 0.046094 0.133594
1 0.862500 0.612891 0.040625 0.094531
1 0.838281 0.542188 0.035938 0.087500
1 0.766406 0.503906 0.023438 0.064063
1 0.807031 0.511719 0.035938 0.098438
1 0.776172 0.451172 0.024219 0.067969
1 0.719141 0.412500 0.032031 0.050000
2 0.706250 0.355078 0.043750 0.066406
