1 0.557813 0.906641 0.046875 0.144531
1 0.847266 0.452734 0.019531 0.058594
1 0.492969 0.882812 0.048438 0.153125
1 0.743359 0.644531 0.033594 0.101562
1 0.714063 0.522266 0.021875 0.066406
1 0.698438 0.601172 0.025000 0.083594
1 0.759766 0.489844 0.019531 0.064063
1 0.649219 0.727734 0.039062 0.117969
1 0.580469 0.714844 0.035938 0.110938
1 0.683203 0.492188 0.019531 0.062500
1 0.825000 0.475000 0.018750 0.059375
1 0.805469 0.575000 0.026563 0.084375
1 0.527344 0.590234 0.032813 0.096094
1 0.838672 0.377734 0.014844 0.046094
1 0.778906 0.466797 0.017188 0.058594
1 0.605078 0.537500 0.025781 0.078125
1 0.624609 0.590625 0.027344 0.087500
1 0.873047 0.407813 0.017969 0.053125
1 0.800781 0.501563 0.020313 0.065625
1 0.474219 0.753125 0.039062 0.115625
1 0.762500 0.571484 0.025000 0.080469
1 0.580469 0.587500 0.029688 0.090625
1 0.726953 0.453906 0.019531 0.064063
1 0.657813 0.543359 0.025000 0.080469
1 0.705859 0.474609 0.017969 0.058594
1 0.755078 0.423438 0.016406 0.053125
1 0.799609 0.377734 0.014844 0.046094
1 0.652734 0.478906 0.021094 0.064063
1 0.789453 0.431250 0.016406 0.053125
1 0.316016 0.947656 0.075781 0.101562
1 0.683984 0.559375 0.021094 0.071875
1 0.771094 0.365234 0.014063 0.046094
1 0.481250 0.685156 0.037500 0.098438
1 0.215234 0.946875 0.071094 0.100000
1 0.805859 0.451172 0.014844 0.046094
1 0.744922 0.369922 0.014844 0.042969
2 0.594531 0.394531 0.035938 0.048438
2 0.684766 0.422266 0.044531 0.069531
