1 0.917578 0.619141 0.047656 0.153906
1 0.792188 0.545703 0.043750 0.144531
1 0.841406 0.826563 0.064063 0.190625
1 0.792578 0.451563 0.035156 0.103125
1 0.391797 0.169141 0.014844 0.044531
1 0.806641 0.421484 0.028906 0.096094
1 0.738672 0.369141 0.024219 0.082031
1 0.619531 0.189453 0.014063 0.044531
2 0.626172 0.837891 0.177344 0.291406
2 0.550391 0.325391 0.057031 0.091406
2 0.603125 0.506250 0.106250 0.178125
2 0.612109 0.241797 0.033594 0.058594
2 0.580078 0.186328 0.032031 0.053906
3 0.682813 0.327344 0.128125 0.235938
4 0.540234 0.198828 0.049219 0.116406
