1 0.849609 0.713281 0.083594 0.173438
2 0.563281 0.304688 0.054688 0.100000
2 0.295703 0.502344 0.103906 0.185938
2 0.423828 0.422266 0.075781 0.157031
1 0.332813 0.358203 0.021875 0.082031
1 0.288281 0.385156 0.032813 0.085938
1 0.262500 0.353516 0.021875 0.069531
1 0.289844 0.307031 0.017188 0.064063
1 0.140625 0.548438 0.046875 0.150000
1 0.076953 0.401563 0.057031 0.062500
1 0.328906 0.276953 0.020313 0.057031
1 0.354297 0.290234 0.017969 0.067969
2 0.390625 0.323438 0.053125 0.084375
2 0.103125 0.811719 0.206250 0.373438
1 0.373047 0.263281 0.017969 0.064063
