1 0.276953 0.354688 0.025781 0.090625
1 0.208594 0.549609 0.026563 0.130469
1 0.848047 0.716016 0.036719 0.169531
1 0.171484 0.712891 0.042969 0.182031
1 0.621484 0.371094 0.021094 0.098438
1 0.237500 0.421484 0.028125 0.092969
1 0.666797 0.300391 0.021094 0.078906
1 0.180859 0.495703 0.027344 0.116406
1 0.657422 0.462500 0.046094 0.096875
1 0.616797 0.298828 0.021094 0.066406
1 0.254688 0.535156 0.031250 0.135938
1 0.289453 0.465625 0.025781 0.100000
1 0.253516 0.461328 0.022656 0.107031
1 0.330078 0.325000 0.019531 0.084375
1 0.566016 0.205078 0.013281 0.057031
1 0.307813 0.322266 0.021875 0.078906
2 0.308594 0.578516 0.082813 0.191406
2 0.698047 0.548438 0.083594 0.146875
2 0.366016 0.396094 0.053906 0.101562
2 0.425781 0.730078 0.098438 0.257031
2 0.548047 0.447266 0.058594 0.128906
2 0.376953 0.305859 0.041406 0.092969
2 0.410547 0.254297 0.033594 0.071094
2 0.457031 0.201563 0.026563 0.065625
2 0.448828 0.434766 0.053906 0.166406
4 0.454688 0.325000 0.053125 0.140625
4 0.449219 0.425000 0.057813 0.175000
