1 0.675781 0.491016 0.023438 0.069531
1 0.357031 0.771875 0.054688 0.134375
1 0.714453 0.478516 0.025781 0.069531
1 0.777344 0.521875 0.026563 0.075000
1 0.650391 0.490625 0.025781 0.071875
1 0.619531 0.547656 0.026563 0.076563
1 0.769531 0.408984 0.020313 0.055469
1 0.636719 0.614063 0.035938 0.103125
1 0.869531 0.462109 0.026563 0.071094
1 0.551953 0.604688 0.032031 0.096875
1 0.685156 0.577344 0.032813 0.098438
1 0.755469 0.467969 0.023438 0.064063
1 0.580859 0.496094 0.027344 0.076563
1 0.610156 0.490234 0.023438 0.067969
1 0.534375 0.724609 0.043750 0.130469
1 0.792188 0.467969 0.025000 0.064063
1 0.847656 0.379688 0.020313 0.050000
1 0.744141 0.433984 0.022656 0.055469
1 0.657813 0.448047 0.021875 0.058594
1 0.821094 0.449219 0.023438 0.060938
1 0.803516 0.394141 0.019531 0.053906
1 0.591797 0.607813 0.033594 0.103125
1 0.746875 0.363672 0.018750 0.046094
1 0.708203 0.439063 0.019531 0.046875
1 0.830469 0.356641 0.014063 0.044531
2 0.347266 0.629297 0.107031 0.130469
