1 0.175391 0.873438 0.063281 0.187500
1 0.255078 0.887109 0.050781 0.171094
1 0.303906 0.791406 0.051563 0.139063
1 0.341406 0.823438 0.051563 0.153125
1 0.366016 0.884375 0.060156 0.162500
1 0.493359 0.868359 0.049219 0.158594
1 0.452734 0.785938 0.036719 0.137500
1 0.497656 0.769531 0.035938 0.101562
1 0.427344 0.760156 0.039062 0.126562
1 0.311328 0.652734 0.044531 0.096094
1 0.406250 0.621094 0.034375 0.101562
1 0.476953 0.566406 0.028906 0.064063
1 0.738672 0.685156 0.030469 0.110938
1 0.769531 0.812109 0.042188 0.155469
1 0.852734 0.758594 0.036719 0.126562
1 0.805859 0.696484 0.024219 0.105469
1 0.867969 0.898438 0.045313 0.203125
1 0.867969 0.600781 0.023438 0.098438
1 0.796875 0.598047 0.028125 0.092969
1 0.843750 0.551953 0.025000 0.091406
1 0.720313 0.551172 0.021875 0.080469
1 0.720703 0.415625 0.019531 0.050000
1 0.773438 0.431641 0.021875 0.057031
1 0.820312 0.446484 0.018750 0.055469
1 0.865625 0.427344 0.015625 0.060938
1 0.791016 0.400000 0.013281 0.050000
1 0.760156 0.389063 0.017188 0.046875
2 0.565625 0.729688 0.081250 0.159375
2 0.552344 0.638672 0.060938 0.105469
2 0.645313 0.499219 0.050000 0.073438
2 0.642188 0.583984 0.059375 0.108594
2 0.728125 0.497266 0.050000 0.069531
2 0.461719 0.642969 0.073438 0.101562
2 0.324219 0.584375 0.095313 0.100000
2 0.571484 0.401563 0.042969 0.050000
2 0.676563 0.375781 0.031250 0.048438
2 0.619531 0.348828 0.026563 0.032031
2 0.666016 0.321875 0.025781 0.037500
