1 0.751563 0.484375 0.034375 0.125000
1 0.810156 0.476562 0.035938 0.134375
1 0.745313 0.939063 0.087500 0.121875
1 0.619141 0.321875 0.016406 0.062500
1 0.653906 0.241797 0.014063 0.055469
1 0.680078 0.242188 0.016406 0.062500
1 0.590625 0.200000 0.012500 0.053125
1 0.605469 0.198047 0.014063 0.046094
2 0.226562 0.535547 0.109375 0.183594
2 0.461328 0.228516 0.047656 0.066406
2 0.585156 0.385547 0.067187 0.130469
2 0.380469 0.414844 0.092188 0.164062
4 0.541406 0.240625 0.048438 0.121875
3 0.384375 0.216797 0.034375 0.083594
