2 0.601172 0.626563 0.105469 0.184375
2 0.571094 0.408984 0.076563 0.146094
2 0.626563 0.273828 0.053125 0.082031
2 0.582813 0.193750 0.043750 0.053125
4 0.547656 0.271484 0.051563 0.105469
1 0.313672 0.407031 0.033594 0.110938
1 0.216406 0.537891 0.054688 0.128906
1 0.073047 0.400781 0.052344 0.076563
1 0.208203 0.285156 0.044531 0.039062
1 0.885156 0.866016 0.079688 0.153906
1 0.787500 0.537109 0.065625 0.130469
1 0.702734 0.316406 0.042969 0.101562
1 0.062891 0.759766 0.072656 0.191406
1 0.377344 0.218750 0.017188 0.065625
1 0.646094 0.411719 0.032813 0.101562
1 0.653516 0.264453 0.019531 0.066406
1 0.396094 0.210938 0.017188 0.050000
