3 0.736719 0.763672 0.148438 0.392969
1 0.242188 0.735156 0.056250 0.114063
2 0.385547 0.531250 0.064844 0.087500
1 0.816406 0.438281 0.014063 0.051563
1 0.486719 0.768359 0.039062 0.105469
1 0.882031 0.469922 0.017188 0.067969
1 0.769531 0.372656 0.010938 0.051563
1 0.489453 0.656641 0.032031 0.094531
1 0.814063 0.498828 0.015625 0.066406
1 0.510547 0.587109 0.021094 0.096094
1 0.581250 0.597656 0.031250 0.101562
1 0.852734 0.350391 0.014844 0.053906
1 0.543750 0.583203 0.018750 0.082031
1 0.839063 0.469531 0.015625 0.060938
1 0.788672 0.534375 0.017969 0.075000
1 0.923047 0.815234 0.039844 0.142969
2 0.142578 0.708984 0.160156 0.155469
1 0.841016 0.624609 0.022656 0.096094
1 0.861328 0.876953 0.041406 0.178906
1 0.635938 0.607422 0.031250 0.105469
2 0.557813 0.698047 0.078125 0.142969
1 0.387109 0.700781 0.042969 0.110938
2 0.252734 0.856641 0.130469 0.232031
2 0.525000 0.430859 0.053125 0.058594
2 0.604688 0.410547 0.043750 0.046094
2 0.611328 0.458984 0.044531 0.071094
1 0.546094 0.519141 0.023438 0.069531
1 0.605078 0.536719 0.022656 0.076563
1 0.666406 0.509375 0.017188 0.075000
1 0.694141 0.526953 0.022656 0.069531
1 0.741406 0.493750 0.020313 0.071875
1 0.761328 0.535156 0.022656 0.073438
1 0.740234 0.412891 0.017969 0.057031
1 0.719531 0.401953 0.014063 0.044531
2 0.678906 0.402344 0.039062 0.064063
2 0.717188 0.455469 0.037500 0.051563
2 0.667578 0.350391 0.028906 0.041406
3 0.630859 0.302734 0.030469 0.067969
1 0.785156 0.460156 0.017188 0.051563
1 0.764453 0.468359 0.016406 0.046094
1 0.721094 0.498828 0.017188 0.057031
1 0.641406 0.493750 0.017188 0.059375
1 0.829297 0.397656 0.014844 0.051563
