1 0.237500 0.895703 0.068750 0.153906
1 0.423438 0.701953 0.040625 0.116406
1 0.542969 0.755078 0.042188 0.119531
1 0.676563 0.752734 0.046875 0.121094
1 0.651953 0.627734 0.035156 0.096094
1 0.778125 0.519531 0.028125 0.073438
1 0.535938 0.643359 0.037500 0.108594
1 0.596094 0.714063 0.035938 0.115625
1 0.743750 0.547266 0.031250 0.078906
1 0.480859 0.613672 0.039844 0.108594
1 0.696875 0.558984 0.028125 0.083594
1 0.816016 0.464844 0.022656 0.060938
1 0.680859 0.478516 0.024219 0.066406
1 0.792578 0.466406 0.022656 0.060938
1 0.855078 0.532031 0.038281 0.073438
1 0.710547 0.491797 0.024219 0.071094
1 0.692578 0.448047 0.022656 0.058594
1 0.629688 0.479297 0.028125 0.067969
1 0.832031 0.433984 0.020313 0.055469
1 0.650000 0.572266 0.018750 0.066406
1 0.739063 0.422266 0.018750 0.053906
1 0.575000 0.671094 0.034375 0.101562
1 0.753906 0.452344 0.020313 0.051563
1 0.714063 0.422656 0.018750 0.051563
1 0.839453 0.396094 0.016406 0.051563
1 0.783594 0.421484 0.020313 0.055469
1 0.753516 0.503906 0.022656 0.064063
1 0.864453 0.378516 0.016406 0.053906
1 0.715625 0.462500 0.021875 0.065625
1 0.754297 0.406250 0.017969 0.053125
1 0.723438 0.396875 0.018750 0.050000
2 0.832422 0.617969 0.146094 0.135938
2 0.690234 0.389844 0.039844 0.064063
3 0.393750 0.522266 0.146875 0.178906
1 0.631250 0.551953 0.018750 0.066406
