1 0.130078 0.882031 0.075781 0.164062
1 0.662891 0.533203 0.025781 0.078906
1 0.691406 0.572266 0.029688 0.078906
1 0.816016 0.492188 0.025781 0.071875
1 0.286328 0.841016 0.069531 0.157031
1 0.478906 0.688281 0.048438 0.123438
1 0.729688 0.465625 0.025000 0.065625
1 0.759766 0.516016 0.016406 0.066406
1 0.870313 0.419922 0.021875 0.058594
1 0.619531 0.684375 0.039062 0.112500
1 0.714453 0.384375 0.022656 0.053125
1 0.681250 0.673047 0.037500 0.105469
1 0.751953 0.396875 0.019531 0.053125
1 0.736328 0.647656 0.035156 0.101562
1 0.793750 0.433203 0.021875 0.057031
1 0.775000 0.466016 0.025000 0.066406
1 0.854297 0.465625 0.021094 0.059375
1 0.360547 0.935938 0.058594 0.112500
1 0.742969 0.537500 0.029688 0.078125
1 0.362891 0.841406 0.050781 0.114063
1 0.864844 0.493359 0.026563 0.071094
1 0.731641 0.425000 0.022656 0.050000
1 0.824219 0.432813 0.020313 0.053125
1 0.737500 0.377344 0.018750 0.048438
3 0.850781 0.587500 0.129688 0.125000
2 0.670313 0.445312 0.034375 0.059375
2 0.659375 0.350781 0.028125 0.048438
3 0.619922 0.375391 0.061719 0.082031
