1 0.760156 0.460938 0.032813 0.112500
1 0.878906 0.527734 0.048438 0.155469
2 0.641406 0.335547 0.067187 0.108594
1 0.598828 0.385156 0.044531 0.098438
1 0.348047 0.333594 0.024219 0.098438
1 0.259766 0.481641 0.032031 0.132031
1 0.092969 0.575391 0.064063 0.116406
1 0.078516 0.406250 0.053906 0.087500
1 0.320312 0.297266 0.021875 0.082031
1 0.367578 0.286328 0.032031 0.091406
3 0.533594 0.226172 0.076563 0.130469
1 0.290625 0.582031 0.046875 0.164062
1 0.357031 0.227734 0.023438 0.067969
1 0.619141 0.258984 0.016406 0.055469
1 0.572656 0.228125 0.020313 0.059375
