2 0.382812 0.620313 0.100000 0.228125
1 0.084375 0.405859 0.065625 0.080469
1 0.211719 0.282422 0.054688 0.058594
1 0.260937 0.404297 0.034375 0.083594
1 0.181250 0.579688 0.053125 0.134375
1 0.128906 0.551563 0.048438 0.125000
1 0.156641 0.472266 0.032031 0.082031
1 0.081641 0.691016 0.060156 0.166406
1 0.320312 0.364844 0.021875 0.089063
1 0.338281 0.442578 0.029688 0.116406
1 0.369922 0.352344 0.017969 0.076563
1 0.641406 0.291016 0.042188 0.091406
1 0.362500 0.275391 0.028125 0.057031
1 0.317578 0.275391 0.028906 0.066406
1 0.267578 0.345313 0.022656 0.078125
1 0.392969 0.259375 0.023438 0.071875
1 0.369141 0.217188 0.016406 0.050000
