2 0.593750 0.547266 0.112500 0.178906
2 0.829297 0.727344 0.177344 0.323438
2 0.631250 0.847656 0.165625 0.301563
4 0.569531 0.360156 0.076563 0.160938
2 0.680469 0.400781 0.095313 0.135938
1 0.636328 0.275781 0.019531 0.085938
1 0.654297 0.273047 0.021094 0.058594
1 0.685156 0.303906 0.023438 0.076563
1 0.746484 0.352734 0.049219 0.092969
2 0.414453 0.395313 0.060156 0.137500
1 0.155078 0.575391 0.044531 0.141406
1 0.084375 0.412500 0.056250 0.059375
1 0.214844 0.284375 0.054688 0.040625
1 0.367188 0.242969 0.018750 0.064063
