1 0.488672 0.558203 0.033594 0.094531
1 0.723047 0.549219 0.027344 0.085938
1 0.755469 0.519531 0.023438 0.073438
1 0.292969 0.867969 0.060938 0.173438
1 0.698438 0.516406 0.025000 0.076563
1 0.674219 0.575000 0.029688 0.087500
1 0.658984 0.534375 0.021094 0.071875
1 0.675000 0.423828 0.025000 0.066406
1 0.868750 0.702734 0.040625 0.130469
1 0.527344 0.857422 0.051563 0.158594
1 0.839453 0.535547 0.022656 0.071094
1 0.581250 0.935938 0.056250 0.115625
1 0.567969 0.524219 0.029688 0.085938
1 0.778906 0.545703 0.023438 0.069531
1 0.767578 0.603125 0.028906 0.084375
1 0.607813 0.462891 0.021875 0.066406
1 0.809375 0.603516 0.028125 0.091406
1 0.777734 0.690625 0.033594 0.112500
1 0.868750 0.466016 0.025000 0.066406
1 0.813672 0.530078 0.024219 0.069531
1 0.634766 0.531641 0.025781 0.078906
1 0.708594 0.422266 0.023438 0.069531
1 0.796094 0.506641 0.020313 0.069531
1 0.850391 0.615625 0.028906 0.090625
1 0.817969 0.769531 0.039062 0.126562
1 0.776563 0.439844 0.025000 0.060938
1 0.338672 0.935547 0.061719 0.121094
1 0.775781 0.492188 0.020313 0.062500
1 0.737109 0.407031 0.021094 0.064063
1 0.813672 0.463672 0.021094 0.058594
1 0.840234 0.482031 0.021094 0.060938
1 0.425000 0.938281 0.065625 0.123438
1 0.792188 0.630469 0.028125 0.085938
1 0.866797 0.583594 0.017969 0.085938
1 0.395313 0.834375 0.050000 0.140625
1 0.191406 0.951172 0.079688 0.096094
1 0.120313 0.937891 0.071875 0.094531
1 0.825000 0.423828 0.018750 0.053906
1 0.854297 0.426563 0.021094 0.059375
2 0.643359 0.836719 0.111719 0.198438
2 0.471094 0.712500 0.101562 0.153125
2 0.619531 0.656641 0.076563 0.141406
2 0.416797 0.515625 0.074219 0.103125
2 0.641797 0.475781 0.046094 0.073438
2 0.540234 0.422656 0.042969 0.064063
2 0.618359 0.407031 0.039844 0.064063
2 0.720703 0.477344 0.044531 0.073438
2 0.660156 0.369922 0.032813 0.058594
2 0.612109 0.349219 0.030469 0.051563
1 0.429688 0.846094 0.046875 0.114063
