1 0.744922 0.450000 0.021094 0.062500
1 0.237500 0.896875 0.068750 0.159375
1 0.434766 0.797266 0.053906 0.144531
1 0.862109 0.546484 0.030469 0.083594
1 0.683984 0.464844 0.021094 0.064063
1 0.785547 0.405469 0.017969 0.051563
1 0.737109 0.396875 0.017969 0.050000
1 0.762500 0.543359 0.028125 0.080469
1 0.641016 0.519531 0.025781 0.076563
1 0.719531 0.397656 0.017188 0.051563
1 0.662109 0.620313 0.033594 0.100000
1 0.823438 0.365234 0.015625 0.046094
1 0.568750 0.717578 0.043750 0.128906
1 0.682422 0.537891 0.027344 0.078906
1 0.708203 0.481641 0.022656 0.069531
1 0.750391 0.369922 0.016406 0.046094
1 0.816016 0.459375 0.022656 0.065625
1 0.789453 0.352734 0.013281 0.042969
1 0.771094 0.371484 0.014063 0.042969
1 0.805469 0.613281 0.032813 0.101562
1 0.802734 0.323047 0.011719 0.042969
2 0.245313 0.712500 0.140625 0.150000
2 0.698438 0.371875 0.031250 0.053125
2 0.612109 0.364453 0.027344 0.044531
2 0.524219 0.440234 0.051563 0.071094
2 0.635547 0.283594 0.021094 0.035938
2 0.660156 0.270313 0.020313 0.034375
3 0.589844 0.392188 0.045313 0.071875
