1 0.105469 0.534766 0.057813 0.157031
1 0.580469 0.701563 0.060938 0.184375
1 0.688281 0.779688 0.070312 0.203125
1 0.872266 0.655078 0.060156 0.166406
1 0.738672 0.430859 0.046094 0.117969
1 0.603125 0.460156 0.037500 0.126562
1 0.539453 0.408984 0.032031 0.108594
1 0.613281 0.215625 0.020313 0.062500
1 0.661328 0.231250 0.025781 0.065625
4 0.549609 0.294531 0.039844 0.114063
4 0.466016 0.151563 0.038281 0.084375
4 0.559375 0.171484 0.050000 0.117969
3 0.418359 0.171875 0.030469 0.046875
1 0.379297 0.185938 0.017969 0.050000
