1 0.074219 0.396484 0.073438 0.092969
1 0.201172 0.289453 0.049219 0.069531
2 0.366406 0.583984 0.107813 0.230469
1 0.305469 0.387109 0.042188 0.080469
1 0.370703 0.312500 0.022656 0.075000
1 0.304297 0.316406 0.027344 0.073438
1 0.676953 0.280469 0.022656 0.073438
1 0.520313 0.270703 0.046875 0.082031
2 0.447656 0.256641 0.042188 0.082031
1 0.133594 0.540234 0.060938 0.133594
1 0.156250 0.750000 0.090625 0.165625
1 0.914062 0.441016 0.059375 0.069531
1 0.358203 0.255078 0.016406 0.057031
1 0.393750 0.259375 0.015625 0.071875
1 0.374219 0.211719 0.017188 0.060938
1 0.660938 0.243359 0.012500 0.058594
