1 0.155859 0.869922 0.046094 0.208594
1 0.205078 0.857422 0.047656 0.208594
1 0.340234 0.576953 0.027344 0.144531
1 0.415234 0.673047 0.033594 0.142969
1 0.476562 0.558203 0.025000 0.132031
1 0.434375 0.483984 0.025000 0.117969
1 0.512500 0.426172 0.021875 0.092969
1 0.549609 0.425781 0.021094 0.098438
1 0.479297 0.427344 0.021094 0.085938
1 0.459766 0.390625 0.019531 0.087500
1 0.401563 0.382422 0.021875 0.096094
1 0.364063 0.397266 0.021875 0.094531
1 0.487500 0.342578 0.015625 0.069531
1 0.515625 0.327734 0.015625 0.067969
