1 0.431250 0.727734 0.050000 0.133594
1 0.553125 0.522656 0.031250 0.085938
1 0.801172 0.434766 0.021094 0.057031
1 0.854688 0.394531 0.021875 0.051563
1 0.778125 0.448047 0.021875 0.058594
1 0.801563 0.547266 0.028125 0.082031
1 0.769141 0.548828 0.028906 0.082031
1 0.849219 0.449219 0.023438 0.060938
1 0.649609 0.659375 0.039844 0.109375
1 0.682031 0.578125 0.029688 0.084375
1 0.610156 0.495703 0.029688 0.082031
1 0.824219 0.494922 0.026563 0.067969
1 0.778516 0.408984 0.019531 0.042969
1 0.523828 0.589844 0.038281 0.101562
1 0.725391 0.421875 0.019531 0.053125
1 0.586328 0.767188 0.047656 0.137500
1 0.856641 0.558984 0.038281 0.092969
1 0.748828 0.463281 0.025781 0.064063
1 0.711328 0.671094 0.044531 0.110938
1 0.824609 0.432422 0.021094 0.055469
1 0.696094 0.447266 0.020313 0.057031
1 0.728906 0.592578 0.029688 0.078906
1 0.642578 0.572656 0.032031 0.085938
1 0.785547 0.365234 0.017969 0.042969
1 0.831250 0.395313 0.018750 0.046875
1 0.807813 0.348828 0.015625 0.041406
1 0.743750 0.423828 0.015625 0.044531
1 0.712109 0.548438 0.030469 0.071875
2 0.713672 0.514062 0.052344 0.075000
2 0.706250 0.336719 0.031250 0.048438
2 0.717969 0.403125 0.026563 0.040625
