2 0.265625 0.378516 0.056250 0.107031
2 0.624609 0.275781 0.036719 0.048438
2 0.692969 0.491797 0.098438 0.142969
4 0.605469 0.614844 0.182813 0.398438
4 0.780469 0.895313 0.439063 0.209375
1 0.157031 0.312109 0.023438 0.055469
1 0.864453 0.539453 0.038281 0.116406
1 0.706250 0.317578 0.018750 0.069531
1 0.713672 0.276172 0.017969 0.042969
1 0.679297 0.225000 0.024219 0.034375
1 0.611328 0.247656 0.016406 0.039062
4 0.536719 0.317188 0.085938 0.209375
4 0.169531 0.197656 0.070312 0.123438
4 0.245313 0.183984 0.087500 0.092969
3 0.698047 0.489844 0.099219 0.173438
