4 0.256641 0.302734 0.044531 0.146094
2 0.328125 0.281250 0.046875 0.078125
2 0.277734 0.213672 0.049219 0.046094
3 0.548047 0.284375 0.058594 0.121875
4 0.617969 0.348047 0.067187 0.167969
4 0.617188 0.721875 0.193750 0.537500
2 0.701172 0.518750 0.058594 0.128125
2 0.907031 0.908594 0.179688 0.182813
1 0.937891 0.616016 0.041406 0.141406
1 0.844141 0.528906 0.038281 0.114063
1 0.775391 0.423047 0.019531 0.092969
2 0.662500 0.256250 0.046875 0.040625
3 0.687500 0.227344 0.128125 0.089063
4 0.570703 0.222266 0.057031 0.091406
