1 0.659766 0.882422 0.047656 0.130469
1 0.829297 0.491797 0.027344 0.067969
1 0.346484 0.841406 0.058594 0.135938
1 0.822266 0.822656 0.044531 0.126562
1 0.573828 0.866016 0.044531 0.132031
1 0.839063 0.448047 0.021875 0.058594
1 0.712500 0.418359 0.021875 0.055469
1 0.726953 0.453906 0.025781 0.064063
1 0.838281 0.588672 0.032813 0.083594
1 0.580469 0.571875 0.032813 0.084375
1 0.760547 0.531250 0.027344 0.071875
1 0.808594 0.446875 0.023438 0.065625
1 0.627734 0.604688 0.033594 0.084375
1 0.549219 0.559766 0.029688 0.078906
1 0.707422 0.549609 0.033594 0.080469
1 0.792578 0.409766 0.019531 0.053906
1 0.856641 0.423047 0.022656 0.058594
1 0.657031 0.435156 0.026563 0.060938
1 0.759375 0.405078 0.021875 0.057031
1 0.781641 0.577344 0.028906 0.076563
1 0.642969 0.548828 0.029688 0.069531
1 0.730859 0.382812 0.021094 0.050000
1 0.775781 0.395313 0.017188 0.050000
2 0.268750 0.614063 0.118750 0.115625
2 0.432422 0.493750 0.067969 0.087500
2 0.589453 0.369922 0.038281 0.055469
2 0.540234 0.480859 0.058594 0.080469
2 0.657031 0.353125 0.029688 0.050000
2 0.634766 0.505469 0.057031 0.089063
2 0.564063 0.412109 0.040625 0.058594
2 0.691797 0.362500 0.030469 0.050000
2 0.657031 0.751172 0.073438 0.142969
2 0.625391 0.341016 0.025781 0.044531
