1 0.151953 0.784766 0.044531 0.207031
1 0.527734 0.759375 0.049219 0.178125
1 0.878516 0.839063 0.066406 0.187500
1 0.135156 0.391406 0.051563 0.089063
1 0.602734 0.325391 0.017969 0.082031
1 0.661719 0.400000 0.026563 0.103125
1 0.021875 0.896094 0.040625 0.176563
1 0.300000 0.353906 0.034375 0.089063
1 0.832031 0.662500 0.045313 0.134375
1 0.784766 0.580469 0.035156 0.139063
1 0.790234 0.823438 0.052344 0.153125
1 0.255469 0.406641 0.026563 0.107031
1 0.720703 0.439453 0.035156 0.094531
1 0.039844 0.370313 0.051563 0.090625
1 0.644531 0.335938 0.020313 0.084375
1 0.767188 0.485156 0.040625 0.098438
1 0.012109 0.394922 0.024219 0.092969
1 0.117578 0.934766 0.057031 0.128906
1 0.351172 0.327344 0.017969 0.073438
1 0.629688 0.313281 0.021875 0.076563
1 0.821484 0.922656 0.039844 0.135938
1 0.901563 0.716016 0.059375 0.141406
1 0.979688 0.841406 0.031250 0.160938
1 0.703125 0.437500 0.028125 0.096875
1 0.723438 0.367969 0.025000 0.085938
1 0.393359 0.227734 0.014844 0.055469
1 0.987500 0.909766 0.025000 0.153906
1 0.677344 0.340625 0.020313 0.078125
2 0.540234 0.575781 0.077344 0.160938
2 0.705078 0.538281 0.088281 0.139063
2 0.314844 0.477734 0.076563 0.158594
2 0.416406 0.284375 0.035938 0.075000
2 0.682813 0.728125 0.112500 0.215625
2 0.562891 0.328516 0.053906 0.082031
2 0.383984 0.365625 0.046094 0.096875
2 0.442188 0.418359 0.056250 0.146094
2 0.464453 0.229297 0.028906 0.058594
4 0.529297 0.221875 0.039844 0.087500
4 0.377734 0.825000 0.142969 0.346875
4 0.723438 0.922266 0.209375 0.153906
1 0.862109 0.585547 0.042969 0.105469
1 0.887500 0.653516 0.034375 0.078906
1 0.781250 0.459375 0.021875 0.084375
1 0.698438 0.380078 0.021875 0.069531
