1 0.448828 0.921484 0.053906 0.130469
1 0.848047 0.519922 0.027344 0.083594
1 0.416016 0.783594 0.044531 0.126562
1 0.655078 0.743359 0.044531 0.142969
1 0.223828 0.796484 0.053906 0.130469
1 0.471094 0.700000 0.039062 0.112500
1 0.756250 0.505859 0.025000 0.071094
1 0.823047 0.439844 0.024219 0.060938
1 0.792188 0.620313 0.031250 0.096875
1 0.582813 0.657813 0.028125 0.100000
1 0.569531 0.437500 0.023438 0.065625
1 0.529297 0.548438 0.027344 0.078125
1 0.367969 0.716016 0.045313 0.119531
1 0.565234 0.546484 0.027344 0.083594
1 0.606641 0.591016 0.022656 0.082031
1 0.809766 0.496875 0.025781 0.075000
1 0.584766 0.910938 0.047656 0.140625
1 0.783984 0.468359 0.024219 0.067969
1 0.741016 0.578125 0.025781 0.087500
1 0.626953 0.547656 0.022656 0.073438
1 0.644922 0.633984 0.033594 0.108594
1 0.415234 0.657813 0.036719 0.103125
1 0.760156 0.781250 0.042188 0.128125
1 0.711719 0.547656 0.026563 0.076563
1 0.854297 0.405859 0.021094 0.058594
1 0.762891 0.587500 0.025781 0.084375
1 0.544141 0.690625 0.035156 0.096875
1 0.704297 0.605469 0.027344 0.089063
1 0.721094 0.383203 0.020313 0.053906
1 0.892578 0.579688 0.038281 0.090625
1 0.653125 0.574609 0.028125 0.080469
1 0.688672 0.582031 0.021094 0.076563
1 0.533594 0.650781 0.026563 0.085938
1 0.579688 0.516797 0.021875 0.071094
1 0.551172 0.616016 0.024219 0.069531
1 0.748438 0.372266 0.018750 0.053906
1 0.771094 0.381641 0.017188 0.053906
1 0.816016 0.393750 0.019531 0.053125
2 0.432813 0.495313 0.071875 0.096875
2 0.527344 0.815234 0.085938 0.146094
2 0.742188 0.698438 0.084375 0.125000
2 0.677344 0.436328 0.042188 0.069531
2 0.526172 0.427344 0.055469 0.076563
2 0.205859 0.628516 0.127344 0.094531
2 0.706250 0.407813 0.031250 0.053125
3 0.611719 0.435156 0.045313 0.085938
2 0.641406 0.485156 0.039062 0.060938
2 0.194531 0.731250 0.173438 0.125000
2 0.646094 0.364063 0.035938 0.046875
1 0.587500 0.566406 0.018750 0.085938
