1 0.600000 0.567969 0.037500 0.101562
1 0.633594 0.596484 0.023438 0.108594
1 0.660547 0.618750 0.030469 0.090625
1 0.705078 0.717188 0.028906 0.096875
1 0.666406 0.771875 0.032813 0.125000
1 0.762109 0.703125 0.046094 0.112500
1 0.780078 0.606641 0.038281 0.078906
1 0.839844 0.683203 0.026563 0.103906
1 0.827344 0.767578 0.035938 0.128906
1 0.855859 0.887109 0.042969 0.158594
1 0.822656 0.536328 0.026563 0.078906
1 0.885938 0.569531 0.037500 0.085938
1 0.776563 0.525000 0.028125 0.059375
1 0.743359 0.539062 0.027344 0.084375
1 0.692969 0.551563 0.035938 0.090625
1 0.344141 0.686719 0.066406 0.139063
1 0.283203 0.885156 0.053906 0.151563
1 0.216016 0.895313 0.060156 0.150000
2 0.383984 0.789844 0.089844 0.173438
2 0.544531 0.728906 0.114063 0.214063
2 0.504688 0.925000 0.140625 0.150000
2 0.645703 0.504297 0.053906 0.096094
2 0.529687 0.430078 0.053125 0.069531
1 0.702734 0.454688 0.027344 0.053125
1 0.727734 0.495313 0.030469 0.065625
1 0.759375 0.480469 0.021875 0.048438
1 0.788672 0.476953 0.024219 0.078906
1 0.842578 0.476953 0.022656 0.069531
1 0.871875 0.482813 0.018750 0.071875
