1 0.308203 0.824219 0.063281 0.148438
1 0.503516 0.712500 0.044531 0.121875
1 0.730078 0.452344 0.022656 0.064063
1 0.768750 0.479297 0.025000 0.067969
1 0.823828 0.505078 0.025781 0.069531
1 0.582422 0.532031 0.030469 0.085938
1 0.748438 0.535156 0.028125 0.076563
1 0.705469 0.646875 0.026563 0.096875
1 0.619141 0.533594 0.025781 0.073438
1 0.644922 0.644922 0.030469 0.096094
1 0.657813 0.935547 0.050000 0.096094
1 0.846875 0.421875 0.021875 0.053125
1 0.807422 0.466406 0.024219 0.064063
1 0.753516 0.653516 0.025781 0.107031
1 0.697266 0.453906 0.022656 0.060938
1 0.764063 0.436328 0.021875 0.057031
1 0.709766 0.495313 0.025781 0.071875
1 0.675391 0.537500 0.028906 0.075000
1 0.837109 0.453906 0.024219 0.060938
1 0.653516 0.510938 0.022656 0.065625
1 0.618750 0.478516 0.018750 0.053906
1 0.779297 0.737891 0.042969 0.116406
1 0.539844 0.541016 0.020313 0.091406
1 0.603125 0.465625 0.021875 0.059375
1 0.637891 0.496094 0.019531 0.060938
1 0.662500 0.468359 0.021875 0.058594
1 0.878906 0.583984 0.032813 0.083594
1 0.144531 0.951563 0.073438 0.096875
1 0.830078 0.363672 0.019531 0.042969
1 0.763281 0.354688 0.017188 0.046875
1 0.799219 0.355859 0.017188 0.046094
1 0.731250 0.354297 0.021875 0.046094
2 0.645703 0.590625 0.060156 0.103125
2 0.663672 0.393750 0.030469 0.053125
3 0.627344 0.409766 0.048438 0.091406
1 0.860547 0.551172 0.021094 0.083594
