1 0.902734 0.895703 0.074219 0.182031
1 0.218359 0.696875 0.049219 0.153125
1 0.799219 0.493359 0.029688 0.108594
1 0.362500 0.439063 0.028125 0.115625
1 0.100000 0.658984 0.040625 0.158594
1 0.620703 0.405078 0.022656 0.091406
1 0.276172 0.380859 0.030469 0.092969
1 0.908594 0.727734 0.054688 0.167969
1 0.097656 0.896875 0.057813 0.171875
1 0.580078 0.453516 0.032031 0.103906
1 0.757812 0.537109 0.034375 0.121094
1 0.310156 0.384375 0.023438 0.100000
1 0.462109 0.909375 0.083594 0.146875
1 0.727734 0.487891 0.030469 0.107031
1 0.773438 0.626953 0.037500 0.132031
1 0.784766 0.796094 0.063281 0.160938
1 0.832813 0.659766 0.040625 0.144531
1 0.707031 0.393359 0.032813 0.092969
1 0.846484 0.631250 0.033594 0.146875
1 0.573828 0.216797 0.016406 0.058594
1 0.657422 0.353906 0.024219 0.085938
1 0.830469 0.740234 0.048438 0.146094
1 0.760938 0.448438 0.031250 0.087500
1 0.462109 0.321484 0.021094 0.071094
2 0.409375 0.696484 0.196875 0.258594
2 0.182813 0.422266 0.121875 0.094531
2 0.456641 0.253125 0.032031 0.062500
2 0.356641 0.319922 0.057031 0.108594
2 0.564063 0.325781 0.096875 0.060938
2 0.463672 0.919141 0.083594 0.141406
2 0.563672 0.381250 0.052344 0.096875
2 0.675391 0.465625 0.047656 0.115625
4 0.424219 0.397266 0.079688 0.203906
1 0.601562 0.360156 0.018750 0.076563
1 0.382812 0.400000 0.015625 0.087500
1 0.465234 0.609375 0.042969 0.100000
