1 0.277344 0.782031 0.057813 0.148438
1 0.345313 0.921484 0.062500 0.142969
1 0.613281 0.465234 0.026563 0.071094
1 0.489453 0.523438 0.032031 0.090625
1 0.164844 0.823438 0.060938 0.150000
1 0.182813 0.925000 0.071875 0.137500
1 0.504688 0.614844 0.037500 0.101562
1 0.752734 0.467578 0.027344 0.069531
1 0.432031 0.690625 0.026563 0.109375
1 0.572656 0.516016 0.029688 0.078906
1 0.621094 0.601172 0.026563 0.083594
1 0.676172 0.603125 0.033594 0.103125
1 0.646094 0.578516 0.029688 0.091406
1 0.708203 0.471484 0.013281 0.071094
1 0.841016 0.368750 0.019531 0.050000
1 0.759375 0.409375 0.021875 0.053125
1 0.011719 0.906250 0.023438 0.137500
1 0.571875 0.604297 0.031250 0.092969
1 0.745703 0.366016 0.016406 0.044531
1 0.816406 0.357031 0.017188 0.048438
1 0.716406 0.370313 0.023438 0.046875
2 0.606250 0.712500 0.090625 0.146875
2 0.595313 0.412891 0.040625 0.066406
2 0.697656 0.396094 0.039062 0.060938
2 0.648438 0.539062 0.053125 0.090625
3 0.521094 0.832813 0.110938 0.334375
1 0.696875 0.447656 0.012500 0.060938
1 0.449219 0.640625 0.023438 0.090625
