4 0.313672 0.290625 0.052344 0.146875
4 0.602344 0.299609 0.064063 0.133594
4 0.605469 0.210156 0.070312 0.073438
2 0.553516 0.526563 0.100781 0.159375
2 0.661328 0.495313 0.103906 0.115625
2 0.632031 0.884375 0.164062 0.215625
2 0.860547 0.872266 0.255469 0.253906
2 0.525781 0.373047 0.051563 0.083594
2 0.621875 0.403125 0.068750 0.096875
2 0.521875 0.312500 0.043750 0.046875
2 0.552734 0.259375 0.039844 0.062500
2 0.352344 0.210547 0.057813 0.055469
2 0.645703 0.248438 0.038281 0.046875
2 0.698438 0.243359 0.034375 0.030469
