2 0.355078 0.741016 0.132031 0.341406
1 0.876953 0.664062 0.060156 0.175000
1 0.247656 0.478906 0.045313 0.164062
1 0.301953 0.536328 0.038281 0.119531
1 0.325000 0.432422 0.031250 0.133594
1 0.316406 0.347266 0.039062 0.091406
1 0.265625 0.322266 0.031250 0.094531
1 0.079688 0.393750 0.059375 0.078125
1 0.357422 0.264453 0.024219 0.066406
1 0.397266 0.253125 0.022656 0.084375
2 0.444531 0.247266 0.051563 0.091406
1 0.496875 0.248047 0.040625 0.067969
1 0.387891 0.182422 0.019531 0.055469
1 0.603125 0.206250 0.018750 0.065625
