4 0.631250 0.607422 0.150000 0.371094
2 0.546094 0.315625 0.060938 0.090625
1 0.605859 0.360938 0.021094 0.087500
1 0.669531 0.314453 0.026563 0.066406
1 0.690234 0.299609 0.024219 0.071094
1 0.746875 0.342969 0.028125 0.114063
1 0.279688 0.440625 0.031250 0.115625
1 0.097656 0.664844 0.064063 0.110938
1 0.084766 0.396484 0.057031 0.067969
1 0.202734 0.278516 0.039844 0.032031
1 0.315625 0.285938 0.025000 0.087500
1 0.353906 0.257031 0.020313 0.064063
1 0.381250 0.259375 0.021875 0.071875
1 0.569141 0.214844 0.016406 0.060938
1 0.553906 0.241797 0.023438 0.071094
1 0.631250 0.225000 0.025000 0.062500
