3 0.371875 0.507422 0.137500 0.380469
1 0.153125 0.697656 0.059375 0.126562
1 0.070312 0.610938 0.059375 0.171875
1 0.190625 0.477734 0.037500 0.121094
1 0.240625 0.514062 0.031250 0.087500
1 0.253516 0.437891 0.032031 0.066406
1 0.231641 0.416797 0.022656 0.080469
1 0.291406 0.476953 0.035938 0.116406
1 0.305469 0.391406 0.029688 0.110938
1 0.285547 0.338672 0.017969 0.096094
1 0.692969 0.401953 0.032813 0.094531
1 0.822656 0.494922 0.035938 0.105469
1 0.334375 0.255469 0.021875 0.060938
1 0.356641 0.258594 0.019531 0.064063
1 0.457422 0.285156 0.024219 0.076563
