1 0.385938 0.344141 0.037500 0.091406
1 0.320312 0.421875 0.037500 0.109375
1 0.261328 0.545312 0.032031 0.134375
1 0.212109 0.488672 0.061719 0.121094
1 0.184375 0.715625 0.046875 0.146875
1 0.081641 0.403125 0.047656 0.046875
1 0.714844 0.342188 0.026563 0.078125
1 0.687500 0.283984 0.021875 0.080469
3 0.539844 0.208984 0.067187 0.133594
1 0.630469 0.214063 0.014063 0.050000
1 0.656250 0.229297 0.015625 0.055469
1 0.617578 0.194141 0.025781 0.053906
1 0.352344 0.245313 0.020313 0.084375
1 0.392578 0.246875 0.022656 0.075000
1 0.313281 0.351172 0.020313 0.071094
1 0.636328 0.298438 0.022656 0.071875
