1 0.270703 0.809375 0.053906 0.140625
1 0.480469 0.770313 0.042188 0.128125
1 0.722266 0.395313 0.019531 0.046875
1 0.768359 0.435547 0.021094 0.058594
1 0.613281 0.686328 0.035938 0.103906
1 0.314844 0.891406 0.060938 0.164062
1 0.853516 0.437500 0.022656 0.059375
1 0.432813 0.669141 0.046875 0.119531
1 0.790625 0.410156 0.018750 0.051563
1 0.704297 0.547656 0.027344 0.073438
1 0.736328 0.437500 0.019531 0.050000
1 0.674609 0.533594 0.027344 0.073438
1 0.571875 0.601172 0.034375 0.092969
1 0.673828 0.464453 0.019531 0.053906
1 0.832813 0.418359 0.021875 0.058594
1 0.723828 0.488281 0.022656 0.060938
1 0.696875 0.644922 0.031250 0.096094
1 0.792969 0.585938 0.039062 0.090625
1 0.762891 0.365234 0.016406 0.042969
1 0.704688 0.447266 0.018750 0.053906
1 0.785938 0.353906 0.015625 0.039062
1 0.680078 0.434375 0.016406 0.046875
1 0.801172 0.334375 0.014844 0.040625
1 0.761328 0.409375 0.016406 0.046875
1 0.700781 0.409766 0.017188 0.044531
1 0.696484 0.340625 0.027344 0.046875
2 0.564844 0.408594 0.048438 0.060938
2 0.439844 0.501953 0.070312 0.082031
2 0.630078 0.378516 0.025781 0.041406
2 0.653516 0.395313 0.038281 0.059375
2 0.587109 0.379297 0.033594 0.046094
2 0.696484 0.340625 0.027344 0.046875
2 0.650000 0.349609 0.028125 0.046094
