1 0.371094 0.841406 0.060938 0.151563
1 0.614844 0.519141 0.023438 0.082031
1 0.575781 0.797266 0.048438 0.128906
1 0.733594 0.520313 0.026563 0.075000
1 0.769141 0.467188 0.016406 0.059375
1 0.639453 0.494531 0.013281 0.073438
1 0.613672 0.911719 0.039844 0.135938
1 0.658984 0.670313 0.030469 0.109375
1 0.768359 0.853125 0.046094 0.134375
1 0.621484 0.798047 0.036719 0.117969
1 0.855469 0.496484 0.020313 0.058594
1 0.653516 0.451563 0.019531 0.059375
1 0.668359 0.541016 0.021094 0.091406
1 0.733203 0.463281 0.022656 0.060938
1 0.603516 0.697266 0.038281 0.107031
1 0.770703 0.425391 0.019531 0.057031
1 0.746484 0.426563 0.021094 0.059375
1 0.496484 0.743750 0.036719 0.112500
1 0.797266 0.432813 0.016406 0.059375
1 0.818359 0.459766 0.017969 0.069531
1 0.553125 0.714453 0.040625 0.116406
1 0.687500 0.453125 0.021875 0.062500
1 0.829688 0.420313 0.015625 0.050000
1 0.870703 0.451563 0.019531 0.059375
1 0.703906 0.474609 0.023438 0.067969
1 0.510156 0.697266 0.039062 0.107031
1 0.861719 0.381250 0.020313 0.053125
2 0.339844 0.562500 0.082813 0.103125
2 0.035547 0.881250 0.071094 0.159375
2 0.559375 0.403906 0.040625 0.060938
2 0.501953 0.525000 0.066406 0.075000
2 0.485547 0.460156 0.055469 0.076563
2 0.717969 0.401953 0.035938 0.053906
2 0.772266 0.611719 0.132031 0.110938
2 0.596094 0.431641 0.042188 0.057031
3 0.603125 0.339063 0.046875 0.084375
2 0.828516 0.566016 0.100781 0.091406
1 0.656641 0.497656 0.013281 0.073438
