1 0.832031 0.520313 0.023438 0.071875
1 0.714453 0.491016 0.022656 0.069531
1 0.496875 0.782422 0.053125 0.142969
1 0.487500 0.603125 0.037500 0.103125
1 0.746484 0.615234 0.030469 0.096094
1 0.673047 0.800000 0.046094 0.146875
1 0.642578 0.560937 0.028906 0.090625
1 0.855078 0.657813 0.035156 0.109375
1 0.168359 0.869922 0.074219 0.158594
1 0.271875 0.856250 0.062500 0.162500
1 0.864844 0.546484 0.020313 0.080469
1 0.671484 0.522656 0.024219 0.073438
1 0.587500 0.809375 0.043750 0.128125
1 0.805078 0.559375 0.019531 0.071875
1 0.688672 0.495703 0.021094 0.069531
1 0.772656 0.669531 0.029688 0.110938
1 0.747656 0.534766 0.020313 0.069531
1 0.624219 0.503125 0.023438 0.075000
1 0.833203 0.464844 0.016406 0.060938
1 0.784375 0.492188 0.018750 0.071875
1 0.863672 0.444531 0.014844 0.051563
1 0.810938 0.478516 0.015625 0.057031
1 0.865625 0.485156 0.015625 0.051563
1 0.732031 0.495703 0.020313 0.066406
1 0.771094 0.463281 0.014063 0.048438
1 0.752344 0.426172 0.010938 0.046094
1 0.643750 0.504688 0.018750 0.059375
1 0.746094 0.477734 0.020313 0.058594
1 0.800000 0.423438 0.015625 0.046875
2 0.416406 0.521875 0.070312 0.090625
2 0.577344 0.675000 0.076563 0.109375
2 0.666016 0.460547 0.041406 0.071094
2 0.051563 0.851562 0.103125 0.175000
2 0.613281 0.356250 0.032813 0.053125
1 0.825000 0.405859 0.012500 0.042969
1 0.845703 0.391406 0.016406 0.048438
1 0.740625 0.386328 0.009375 0.044531
1 0.766797 0.410938 0.011719 0.046875
1 0.782813 0.419922 0.015625 0.046094
1 0.798828 0.497656 0.013281 0.064063
2 0.661719 0.341797 0.029688 0.042969
