1 0.145703 0.865625 0.069531 0.162500
1 0.808203 0.518750 0.025781 0.075000
1 0.416406 0.841797 0.054688 0.146094
1 0.438672 0.715625 0.046094 0.121875
1 0.835938 0.484766 0.018750 0.057031
1 0.864063 0.494922 0.025000 0.071094
1 0.651563 0.703906 0.037500 0.114063
1 0.870703 0.601562 0.032031 0.096875
1 0.782422 0.466406 0.014844 0.064063
1 0.376953 0.714453 0.047656 0.119531
1 0.592187 0.687891 0.040625 0.119531
1 0.571875 0.530078 0.025000 0.082031
1 0.725000 0.703125 0.040625 0.121875
1 0.763672 0.487500 0.014844 0.062500
1 0.266797 0.906641 0.067969 0.153906
1 0.804297 0.462500 0.014844 0.059375
1 0.726953 0.463672 0.022656 0.071094
1 0.747656 0.465625 0.020313 0.062500
1 0.856250 0.419922 0.021875 0.055469
1 0.762109 0.561719 0.017969 0.085938
1 0.703516 0.487891 0.016406 0.069531
1 0.777344 0.597266 0.026563 0.094531
1 0.685938 0.516016 0.018750 0.069531
1 0.667188 0.485938 0.015625 0.062500
1 0.871875 0.462500 0.021875 0.059375
2 0.260156 0.685938 0.114063 0.137500
2 0.603906 0.606250 0.076563 0.115625
2 0.676563 0.437109 0.046875 0.071094
2 0.494531 0.469141 0.057813 0.078906
2 0.622266 0.337500 0.032031 0.050000
1 0.834766 0.430859 0.013281 0.042969
1 0.758594 0.407813 0.014063 0.046875
1 0.803516 0.403125 0.013281 0.040625
1 0.781641 0.412109 0.016406 0.046094
