1 0.174219 0.309375 0.026563 0.071875
1 0.702734 0.280859 0.014844 0.055469
2 0.846094 0.867188 0.226562 0.262500
2 0.628906 0.888672 0.164062 0.221094
2 0.571484 0.612500 0.089844 0.178125
2 0.652344 0.486328 0.085938 0.128906
2 0.665234 0.250391 0.046094 0.057031
2 0.523438 0.351953 0.059375 0.091406
2 0.550391 0.283984 0.038281 0.055469
2 0.589063 0.348438 0.050000 0.078125
2 0.622266 0.268359 0.044531 0.058594
2 0.593359 0.296875 0.042969 0.062500
3 0.712500 0.209375 0.071875 0.075000
4 0.393359 0.198438 0.108594 0.084375
