2 0.801172 0.717578 0.102344 0.203906
2 0.424219 0.222656 0.060938 0.051563
4 0.099219 0.221094 0.051563 0.089063
1 0.710156 0.265625 0.026563 0.046875
1 0.171094 0.248047 0.014063 0.042969
1 0.497266 0.246094 0.028906 0.039062
1 0.349219 0.213672 0.023438 0.033594
1 0.364063 0.218750 0.018750 0.037500
1 0.309375 0.218750 0.018750 0.040625
1 0.241797 0.205469 0.017969 0.023438
1 0.264844 0.210938 0.017188 0.034375
1 0.731250 0.273828 0.015625 0.044531
4 0.647266 0.635547 0.294531 0.696094
4 0.631250 0.221094 0.112500 0.135938
