1 0.809375 0.452734 0.021875 0.067969
1 0.239063 0.908594 0.065625 0.160938
1 0.534766 0.884375 0.057031 0.171875
1 0.856641 0.530859 0.019531 0.083594
1 0.325000 0.912500 0.056250 0.165625
1 0.651953 0.786328 0.044531 0.153906
1 0.511328 0.605859 0.035156 0.105469
1 0.417188 0.898438 0.053125 0.159375
1 0.782422 0.725781 0.039844 0.139063
1 0.851953 0.771484 0.044531 0.155469
1 0.582422 0.825000 0.049219 0.153125
1 0.817578 0.383594 0.016406 0.051563
1 0.489063 0.826953 0.050000 0.157031
1 0.426563 0.745703 0.037500 0.132031
1 0.664844 0.466797 0.020313 0.071094
1 0.779688 0.384375 0.015625 0.053125
1 0.456250 0.783203 0.034375 0.141406
1 0.469531 0.682813 0.039062 0.115625
1 0.731250 0.358594 0.015625 0.048438
1 0.900781 0.598828 0.035938 0.103906
1 0.095703 0.922266 0.063281 0.119531
1 0.532422 0.759375 0.033594 0.121875
1 0.876172 0.578516 0.021094 0.069531
1 0.426953 0.673438 0.032031 0.090625
1 0.744922 0.351172 0.014844 0.046094
1 0.844141 0.362500 0.016406 0.046875
1 0.355469 0.839453 0.048438 0.119531
1 0.803516 0.353906 0.013281 0.048438
1 0.183594 0.950391 0.045313 0.082031
2 0.268359 0.675391 0.121094 0.144531
2 0.432031 0.560156 0.079688 0.098438
2 0.553125 0.463281 0.046875 0.076563
2 0.631250 0.502734 0.050000 0.080469
2 0.019922 0.797266 0.039844 0.128906
2 0.594922 0.548047 0.055469 0.083594
2 0.680859 0.406250 0.030469 0.053125
2 0.610547 0.426563 0.039844 0.065625
2 0.174219 0.645313 0.123438 0.121875
3 0.556641 0.400000 0.044531 0.059375
2 0.704297 0.376563 0.027344 0.050000
2 0.714063 0.530469 0.040625 0.073438
2 0.696875 0.460938 0.037500 0.065625
2 0.441016 0.490625 0.057031 0.071875
3 0.676953 0.612891 0.066406 0.166406
3 0.567578 0.672266 0.088281 0.191406
1 0.336328 0.734375 0.028906 0.096875
1 0.364063 0.765625 0.046875 0.109375
