1 0.496094 0.923047 0.051563 0.130469
1 0.206641 0.882812 0.060156 0.159375
1 0.775391 0.433984 0.022656 0.058594
1 0.293359 0.837891 0.055469 0.144531
1 0.751953 0.865625 0.047656 0.153125
1 0.285156 0.683203 0.045313 0.116406
1 0.439453 0.934375 0.047656 0.121875
1 0.438672 0.645313 0.042969 0.115625
1 0.574609 0.559375 0.033594 0.096875
1 0.389063 0.641797 0.037500 0.105469
1 0.364453 0.933203 0.053906 0.119531
1 0.717188 0.549219 0.028125 0.085938
1 0.646094 0.531250 0.023438 0.078125
1 0.853125 0.531641 0.028125 0.082031
1 0.673438 0.560547 0.025000 0.080469
1 0.691016 0.524219 0.022656 0.076563
1 0.678125 0.414062 0.021875 0.062500
1 0.251172 0.936719 0.052344 0.110938
1 0.525781 0.559375 0.032813 0.087500
1 0.633594 0.460547 0.014063 0.067969
1 0.833594 0.353906 0.017188 0.048438
1 0.740234 0.432422 0.021094 0.058594
1 0.730078 0.398828 0.019531 0.053906
1 0.773438 0.383984 0.018750 0.046094
1 0.608984 0.446094 0.021094 0.064063
1 0.403516 0.855078 0.047656 0.141406
1 0.012500 0.921875 0.025000 0.121875
1 0.805859 0.340234 0.014844 0.042969
1 0.158984 0.948828 0.058594 0.094531
1 0.746094 0.353516 0.014063 0.041406
1 0.782422 0.337500 0.014844 0.040625
2 0.610938 0.647656 0.081250 0.148438
2 0.697656 0.378516 0.035938 0.053906
2 0.605078 0.383594 0.035156 0.051563
2 0.655859 0.489453 0.039844 0.057031
3 0.514062 0.750391 0.112500 0.291406
