1 0.272656 0.361719 0.035938 0.098438
1 0.312109 0.315625 0.027344 0.078125
1 0.735938 0.441406 0.034375 0.114063
1 0.637500 0.211328 0.018750 0.057031
1 0.519531 0.246094 0.014063 0.051563
1 0.500000 0.235938 0.018750 0.053125
1 0.369531 0.212891 0.020313 0.044531
1 0.394922 0.187891 0.017969 0.044531
1 0.596484 0.165234 0.017969 0.046094
4 0.237109 0.804688 0.355469 0.390625
4 0.410156 0.343750 0.092188 0.246875
3 0.566016 0.305859 0.066406 0.121094
4 0.675781 0.696875 0.182813 0.478125
4 0.546484 0.203906 0.039844 0.098438
