2 0.642188 0.494141 0.090625 0.144531
1 0.798828 0.455469 0.022656 0.076563
2 0.604297 0.365234 0.052344 0.083594
2 0.530859 0.345313 0.049219 0.084375
2 0.587500 0.300781 0.040625 0.060938
3 0.629297 0.260156 0.042969 0.064063
1 0.705469 0.268750 0.017188 0.050000
4 0.367188 0.198438 0.137500 0.103125
2 0.576562 0.222656 0.068750 0.051563
4 0.260156 0.196875 0.057813 0.065625
1 0.185547 0.280859 0.021094 0.058594
1 0.101172 0.239844 0.017969 0.064063
1 0.493750 0.236719 0.018750 0.039062
1 0.454297 0.237500 0.027344 0.028125
