2 0.559375 0.295703 0.062500 0.116406
1 0.515234 0.276172 0.014844 0.067969
1 0.476172 0.272656 0.033594 0.064063
1 0.295313 0.347266 0.021875 0.091406
1 0.076563 0.397266 0.053125 0.082031
1 0.208984 0.290625 0.058594 0.065625
1 0.907422 0.654688 0.071094 0.162500
1 0.693750 0.315625 0.018750 0.062500
1 0.660547 0.305469 0.017969 0.064063
1 0.642188 0.318750 0.025000 0.053125
1 0.610938 0.280469 0.015625 0.051563
1 0.635156 0.272266 0.023438 0.041406
1 0.595313 0.272656 0.018750 0.048438
1 0.309375 0.304297 0.021875 0.071094
