2 0.492969 0.458984 0.060938 0.105469
2 0.550000 0.474609 0.065625 0.105469
1 0.617578 0.542578 0.060156 0.116406
2 0.535938 0.761719 0.109375 0.160938
1 0.378906 0.723047 0.054688 0.121094
1 0.473438 0.678125 0.050000 0.109375
1 0.528125 0.604297 0.043750 0.071094
1 0.626563 0.578516 0.031250 0.094531
1 0.662500 0.630078 0.034375 0.094531
1 0.711719 0.712109 0.039062 0.130469
1 0.720313 0.625000 0.034375 0.084375
1 0.755859 0.695703 0.030469 0.094531
1 0.774609 0.817188 0.036719 0.140625
1 0.842969 0.755078 0.045313 0.128906
1 0.808594 0.655859 0.029688 0.105469
1 0.885547 0.689063 0.036719 0.090625
1 0.881250 0.602344 0.037500 0.089063
1 0.838281 0.527344 0.035938 0.085938
1 0.758203 0.523438 0.028906 0.087500
1 0.718359 0.503906 0.039844 0.089063
1 0.675391 0.465625 0.025781 0.062500
1 0.711719 0.448828 0.020313 0.069531
1 0.723047 0.414062 0.024219 0.065625
1 0.796094 0.449219 0.032813 0.060938
1 0.831641 0.468750 0.032031 0.071875
1 0.457422 0.871094 0.074219 0.151563
1 0.554688 0.875000 0.071875 0.134375
