1 0.269141 0.448438 0.032031 0.125000
1 0.114063 0.738672 0.050000 0.196094
1 0.191016 0.533203 0.032031 0.132031
1 0.259375 0.378125 0.025000 0.109375
1 0.348047 0.268750 0.014844 0.065625
1 0.300000 0.309375 0.018750 0.078125
1 0.122656 0.587109 0.032813 0.142969
1 0.324219 0.321094 0.020313 0.076563
3 0.398828 0.371094 0.091406 0.239063
4 0.578516 0.210547 0.041406 0.092969
4 0.458203 0.216406 0.038281 0.076563
1 0.516016 0.216016 0.010156 0.041406
4 0.512109 0.178906 0.027344 0.048438
3 0.403906 0.225000 0.039062 0.062500
