1 0.714063 0.426563 0.031250 0.100000
1 0.371484 0.613281 0.046094 0.164062
1 0.283203 0.484766 0.032031 0.107031
1 0.275781 0.628516 0.054688 0.182031
1 0.165625 0.673047 0.065625 0.180469
1 0.223047 0.467969 0.030469 0.089063
1 0.324219 0.411328 0.035938 0.103906
1 0.388281 0.406641 0.029688 0.057031
1 0.391406 0.356250 0.026563 0.059375
1 0.345313 0.329688 0.018750 0.065625
1 0.357031 0.278125 0.020313 0.062500
1 0.415234 0.257812 0.017969 0.065625
2 0.528516 0.221875 0.041406 0.059375
1 0.394141 0.242578 0.016406 0.057031
