1 0.723438 0.922266 0.040625 0.128906
1 0.715234 0.602344 0.027344 0.098438
1 0.312109 0.908203 0.058594 0.157031
1 0.387891 0.925391 0.053906 0.141406
1 0.792969 0.521484 0.020313 0.067969
1 0.775781 0.478125 0.017188 0.059375
1 0.860938 0.503906 0.025000 0.076563
1 0.715234 0.463672 0.021094 0.067969
1 0.533984 0.939063 0.039844 0.109375
1 0.828125 0.616406 0.031250 0.101562
1 0.191016 0.925000 0.072656 0.121875
1 0.841797 0.824609 0.036719 0.133594
1 0.637891 0.510938 0.016406 0.075000
1 0.829688 0.466406 0.021875 0.064063
1 0.758594 0.487500 0.014063 0.065625
1 0.796484 0.892188 0.036719 0.134375
1 0.805078 0.448047 0.019531 0.055469
1 0.845703 0.422266 0.019531 0.057031
1 0.781250 0.435938 0.018750 0.053125
1 0.774609 0.755078 0.042969 0.132031
1 0.741016 0.385156 0.019531 0.051563
1 0.886719 0.949219 0.054688 0.085938
1 0.869531 0.405078 0.020313 0.057031
1 0.770703 0.382812 0.016406 0.050000
2 0.205859 0.654688 0.114844 0.121875
2 0.673828 0.431641 0.038281 0.069531
2 0.650781 0.367188 0.029688 0.053125
2 0.712109 0.373828 0.027344 0.044531
2 0.597266 0.367969 0.032031 0.048438
2 0.659375 0.330078 0.025000 0.032031
3 0.532813 0.726172 0.115625 0.342969
1 0.747656 0.462500 0.014063 0.062500
1 0.625391 0.484375 0.016406 0.075000
