1 0.092969 0.815625 0.182813 0.362500
1 0.353125 0.419141 0.071875 0.141406
1 0.137109 0.453516 0.024219 0.107031
2 0.528906 0.390625 0.057813 0.112500
2 0.525391 0.311719 0.053906 0.060938
4 0.609766 0.286328 0.044531 0.091406
3 0.539844 0.215234 0.145313 0.096094
1 0.680859 0.310547 0.014844 0.058594
1 0.728125 0.365625 0.021875 0.062500
1 0.696484 0.306250 0.014844 0.053125
2 0.643750 0.242188 0.043750 0.046875
2 0.679297 0.225000 0.039844 0.040625
2 0.725781 0.243750 0.035938 0.040625
4 0.776563 0.678125 0.359375 0.596875
