2 0.576953 0.521484 0.100781 0.155469
2 0.626953 0.797266 0.175781 0.282031
2 0.738281 0.521484 0.164062 0.230469
2 0.667188 0.349219 0.075000 0.135938
2 0.564063 0.355469 0.078125 0.151563
1 0.339063 0.342969 0.028125 0.101562
1 0.279688 0.375000 0.025000 0.075000
1 0.296875 0.288281 0.021875 0.076563
1 0.085156 0.409766 0.051563 0.069531
1 0.208594 0.293750 0.042188 0.059375
2 0.454688 0.241406 0.043750 0.089063
1 0.089063 0.682813 0.059375 0.175000
1 0.347656 0.245313 0.020313 0.065625
1 0.416406 0.217578 0.020313 0.066406
1 0.728516 0.375000 0.022656 0.087500
1 0.745313 0.335156 0.018750 0.089063
1 0.690625 0.292187 0.021875 0.059375
1 0.654297 0.268750 0.024219 0.059375
