1 0.030078 0.526563 0.035156 0.096875
1 0.171875 0.317578 0.018750 0.069531
1 0.353516 0.221875 0.019531 0.046875
1 0.163672 0.228516 0.011719 0.041406
1 0.703516 0.277344 0.016406 0.048438
4 0.562500 0.464453 0.131250 0.353906
3 0.715234 0.890234 0.233594 0.217969
2 0.759375 0.676563 0.153125 0.203125
2 0.645313 0.263672 0.046875 0.046094
2 0.558594 0.258984 0.042188 0.046094
4 0.472266 0.208594 0.066406 0.064063
4 0.589453 0.206641 0.138281 0.082031
2 0.261719 0.208984 0.051563 0.046094
3 0.107813 0.644922 0.171875 0.358594
