1 0.814844 0.451563 0.020313 0.065625
1 0.732422 0.395703 0.017969 0.053906
1 0.665625 0.561328 0.031250 0.091406
1 0.859766 0.382812 0.016406 0.050000
1 0.776953 0.600781 0.028906 0.089063
1 0.586719 0.658594 0.035938 0.110938
1 0.433203 0.725781 0.047656 0.126562
1 0.488281 0.753125 0.045313 0.128125
1 0.775781 0.398438 0.017188 0.050000
1 0.746875 0.493750 0.021875 0.046875
1 0.816797 0.361328 0.014844 0.044531
1 0.750000 0.378125 0.015625 0.046875
1 0.798438 0.349609 0.012500 0.042969
1 0.846484 0.338281 0.011719 0.039062
1 0.610156 0.815234 0.045313 0.146094
1 0.726562 0.536328 0.028125 0.082031
1 0.753906 0.451953 0.020313 0.053906
1 0.871875 0.925781 0.053125 0.114063
1 0.751563 0.323828 0.012500 0.032031
1 0.778906 0.338672 0.010938 0.033594
2 0.605078 0.364063 0.035156 0.053125
2 0.458203 0.491016 0.060156 0.078906
3 0.664844 0.311328 0.032813 0.066406
