1 0.459766 0.671875 0.035156 0.096875
1 0.256250 0.954688 0.043750 0.090625
1 0.592187 0.556250 0.028125 0.078125
3 0.526563 0.405469 0.075000 0.101562
1 0.703906 0.388672 0.010938 0.030469
1 0.430078 0.847656 0.044531 0.151563
1 0.630859 0.554297 0.024219 0.080469
1 0.824219 0.545312 0.023438 0.075000
1 0.503125 0.798438 0.037500 0.146875
2 0.483594 0.929688 0.114063 0.121875
1 0.355469 0.894531 0.054688 0.164062
1 0.779297 0.339844 0.008594 0.039062
2 0.699609 0.591406 0.064844 0.085938
1 0.835547 0.623047 0.024219 0.092969
1 0.314453 0.958984 0.044531 0.080469
1 0.755859 0.405469 0.014844 0.051563
1 0.726953 0.678906 0.028906 0.110938
1 0.248828 0.797656 0.053906 0.135938
2 0.310156 0.646875 0.123438 0.128125
1 0.616797 0.743359 0.036719 0.142969
1 0.882031 0.878125 0.045313 0.159375
1 0.201563 0.901563 0.059375 0.159375
1 0.673438 0.735938 0.043750 0.150000
1 0.507812 0.567969 0.025000 0.098438
1 0.551172 0.750000 0.039844 0.112500
1 0.584375 0.714844 0.034375 0.114063
1 0.692188 0.644922 0.025000 0.108594
1 0.825000 0.453906 0.015625 0.060938
1 0.794141 0.435156 0.016406 0.048438
1 0.871484 0.415625 0.021094 0.075000
2 0.599219 0.423828 0.035938 0.057031
2 0.640625 0.467969 0.053125 0.076563
2 0.674609 0.423047 0.033594 0.058594
2 0.614453 0.361328 0.032031 0.044531
2 0.657813 0.353125 0.021875 0.040625
1 0.645703 0.526172 0.019531 0.067969
1 0.747656 0.623047 0.029688 0.105469
2 0.435156 0.494922 0.070312 0.071094
2 0.573047 0.515625 0.052344 0.090625
2 0.542578 0.617969 0.069531 0.098438
