1 0.176563 0.451172 0.050000 0.133594
1 0.075391 0.402734 0.047656 0.083594
1 0.725781 0.429297 0.042188 0.105469
1 0.728516 0.355859 0.028906 0.067969
1 0.669531 0.291406 0.023438 0.073438
1 0.355078 0.297656 0.025781 0.076563
1 0.385938 0.244922 0.021875 0.055469
1 0.525000 0.251953 0.018750 0.066406
1 0.655859 0.229688 0.017969 0.062500
1 0.159375 0.797266 0.084375 0.232031
1 0.352344 0.217578 0.014063 0.044531
1 0.360156 0.244141 0.014063 0.041406
1 0.399609 0.228125 0.017969 0.059375
1 0.624219 0.212500 0.020313 0.053125
1 0.641406 0.217188 0.017188 0.059375
