1 0.699609 0.489453 0.030469 0.078906
1 0.564063 0.559375 0.034375 0.100000
1 0.869531 0.895313 0.051563 0.146875
1 0.859766 0.619531 0.025781 0.101562
1 0.801563 0.754688 0.043750 0.121875
1 0.622266 0.759375 0.041406 0.128125
1 0.720313 0.562891 0.034375 0.094531
1 0.480078 0.789062 0.047656 0.137500
1 0.433594 0.744141 0.054688 0.141406
1 0.763281 0.531641 0.029688 0.082031
1 0.523047 0.549609 0.033594 0.096094
1 0.618750 0.538672 0.021875 0.067969
1 0.674219 0.739063 0.042188 0.125000
1 0.744531 0.482813 0.026563 0.065625
1 0.790625 0.480078 0.025000 0.069531
1 0.655078 0.489063 0.028906 0.078125
1 0.786719 0.673047 0.032813 0.096094
1 0.840625 0.545312 0.028125 0.078125
1 0.814063 0.475391 0.021875 0.066406
1 0.830078 0.507812 0.025781 0.065625
1 0.799219 0.573828 0.029688 0.082031
1 0.842969 0.460156 0.020313 0.051563
1 0.777734 0.397266 0.021094 0.057031
1 0.712500 0.400000 0.012500 0.062500
1 0.807422 0.631641 0.027344 0.082031
1 0.876563 0.419531 0.025000 0.064063
2 0.506641 0.686719 0.075781 0.110938
2 0.639453 0.640625 0.072656 0.115625
2 0.361328 0.603516 0.088281 0.103906
2 0.658203 0.435547 0.044531 0.071094
2 0.752344 0.432813 0.042188 0.065625
1 0.618750 0.487500 0.018750 0.059375
1 0.701563 0.395313 0.012500 0.062500
1 0.721484 0.385547 0.011719 0.046094
1 0.733594 0.368359 0.014063 0.042969
1 0.842969 0.416016 0.017188 0.041406
1 0.803516 0.387500 0.016406 0.046875
