1 0.119922 0.655859 0.071094 0.167969
1 0.026172 0.571094 0.042969 0.160938
1 0.922656 0.608984 0.057813 0.133594
1 0.813281 0.491016 0.029688 0.107031
1 0.712500 0.281250 0.015625 0.062500
4 0.624609 0.560156 0.230469 0.598438
4 0.535938 0.266016 0.065625 0.194531
2 0.650781 0.268359 0.045313 0.046094
2 0.676563 0.252734 0.037500 0.042969
4 0.633203 0.210156 0.100781 0.085938
4 0.311719 0.197266 0.123438 0.091406
4 0.225391 0.196875 0.050781 0.065625
4 0.174219 0.175781 0.032813 0.076563
4 0.711719 0.210156 0.064063 0.064063
