1 0.494141 0.729688 0.044531 0.128125
1 0.549609 0.657813 0.036719 0.109375
1 0.381641 0.755469 0.053906 0.135938
1 0.840625 0.426953 0.015625 0.053906
1 0.838672 0.509375 0.027344 0.075000
1 0.767578 0.576562 0.028906 0.090625
1 0.581250 0.607031 0.031250 0.098438
1 0.620703 0.641797 0.032031 0.096094
1 0.663281 0.598828 0.026563 0.091406
1 0.722656 0.559766 0.029688 0.078906
1 0.534375 0.579688 0.031250 0.090625
1 0.805469 0.436328 0.017188 0.057031
1 0.801172 0.552344 0.030469 0.089063
1 0.843359 0.677344 0.030469 0.123438
1 0.861719 0.896094 0.051563 0.151563
1 0.751953 0.515625 0.025781 0.075000
1 0.673828 0.530078 0.025781 0.066406
1 0.821484 0.462500 0.021094 0.059375
1 0.578125 0.512891 0.021875 0.066406
1 0.627734 0.519141 0.024219 0.069531
1 0.732422 0.614063 0.033594 0.096875
1 0.735156 0.371875 0.014063 0.053125
1 0.812109 0.403906 0.011719 0.048438
1 0.626563 0.559766 0.015625 0.069531
1 0.639844 0.579688 0.023438 0.078125
1 0.843359 0.377344 0.011719 0.051563
1 0.776563 0.385938 0.015625 0.053125
2 0.664844 0.766016 0.085938 0.169531
2 0.657422 0.419531 0.042969 0.064063
2 0.360938 0.557422 0.075000 0.092969
2 0.598828 0.451563 0.044531 0.071875
2 0.669141 0.482422 0.050781 0.080469
2 0.618359 0.349219 0.033594 0.051563
1 0.563281 0.489063 0.017188 0.071875
1 0.746094 0.366797 0.010938 0.042969
1 0.764063 0.370313 0.012500 0.046875
1 0.791797 0.362109 0.011719 0.042969
