1 0.846094 0.730469 0.054688 0.185938
1 0.576172 0.602734 0.046094 0.146094
4 0.410547 0.352344 0.133594 0.360938
1 0.162891 0.478906 0.038281 0.110938
1 0.245313 0.478516 0.043750 0.119531
1 0.308594 0.378906 0.032813 0.114063
1 0.265625 0.378125 0.034375 0.112500
1 0.296094 0.294531 0.026563 0.089063
1 0.741797 0.372266 0.030469 0.103906
1 0.569531 0.300781 0.020313 0.085938
1 0.684375 0.273438 0.025000 0.078125
1 0.082031 0.404297 0.051563 0.080469
1 0.208984 0.280469 0.046094 0.039062
1 0.321875 0.308594 0.021875 0.076563
1 0.330469 0.253125 0.023438 0.062500
1 0.662500 0.234766 0.021875 0.069531
