1 0.414453 0.410938 0.038281 0.115625
1 0.315625 0.402734 0.025000 0.096094
1 0.252344 0.375000 0.029688 0.090625
1 0.295703 0.331641 0.028906 0.078906
1 0.332813 0.304688 0.021875 0.065625
1 0.346875 0.260547 0.021875 0.071094
1 0.394531 0.284766 0.026563 0.053906
1 0.442578 0.281641 0.028906 0.069531
1 0.257031 0.641016 0.045313 0.132031
1 0.319531 0.742188 0.039062 0.190625
1 0.205078 0.541406 0.038281 0.139063
1 0.073828 0.402344 0.060156 0.076563
1 0.671484 0.365234 0.024219 0.092969
1 0.664062 0.260547 0.012500 0.046094
1 0.482031 0.254297 0.020313 0.067969
1 0.385938 0.226953 0.015625 0.044531
1 0.369531 0.184375 0.014063 0.028125
