2 0.603125 0.289062 0.056250 0.075000
2 0.550000 0.257812 0.043750 0.062500
1 0.725391 0.467578 0.035156 0.128906
4 0.710547 0.753516 0.217969 0.491406
2 0.428906 0.368750 0.076563 0.134375
1 0.364844 0.346875 0.026563 0.090625
1 0.320703 0.459766 0.025781 0.091406
1 0.293750 0.395703 0.021875 0.078906
1 0.312109 0.362500 0.021094 0.065625
1 0.263281 0.359375 0.026563 0.075000
1 0.090625 0.718750 0.059375 0.146875
1 0.173828 0.778906 0.060156 0.189063
1 0.080078 0.404297 0.057031 0.071094
1 0.187109 0.476953 0.036719 0.119531
1 0.415234 0.250391 0.021094 0.066406
1 0.387891 0.246875 0.028906 0.078125
1 0.469531 0.255078 0.001563 0.003906
1 0.210156 0.410938 0.032813 0.096875
