1 0.807813 0.850781 0.056250 0.176563
1 0.871094 0.659375 0.048438 0.146875
1 0.385156 0.423438 0.023438 0.109375
1 0.244141 0.672266 0.041406 0.182031
1 0.714063 0.590234 0.037500 0.142969
1 0.644141 0.532031 0.035156 0.114063
1 0.344141 0.493750 0.028906 0.121875
1 0.316797 0.732813 0.039844 0.187500
1 0.776953 0.627734 0.038281 0.142969
1 0.596484 0.356250 0.024219 0.087500
1 0.789844 0.506250 0.032813 0.115625
1 0.299219 0.424219 0.029688 0.110938
1 0.681641 0.409375 0.022656 0.100000
1 0.020313 0.368750 0.034375 0.084375
1 0.557422 0.273438 0.021094 0.071875
1 0.964453 0.865625 0.050781 0.184375
1 0.659766 0.449609 0.028906 0.096094
1 0.477734 0.308984 0.021094 0.071094
1 0.222656 0.616797 0.042188 0.146094
1 0.628906 0.448047 0.048438 0.092969
1 0.711328 0.383984 0.025781 0.092969
1 0.746094 0.521484 0.026563 0.117969
1 0.387500 0.324219 0.025000 0.076563
1 0.519922 0.202344 0.014844 0.051563
1 0.655469 0.335156 0.017188 0.060938
1 0.292578 0.353906 0.022656 0.076563
1 0.110156 0.933984 0.045313 0.092969
2 0.558594 0.446484 0.073438 0.133594
2 0.348828 0.341797 0.053906 0.096094
2 0.432422 0.307422 0.049219 0.108594
2 0.464063 0.171875 0.021875 0.059375
3 0.394922 0.213281 0.036719 0.085938
4 0.394922 0.213281 0.036719 0.085938
3 0.134766 0.399219 0.160156 0.126562
2 0.590234 0.884766 0.199219 0.228906
1 0.280469 0.412891 0.017188 0.091406
1 0.653125 0.399219 0.018750 0.060938
