1 0.856641 0.841406 0.057031 0.185938
1 0.384375 0.714063 0.040625 0.184375
1 0.435938 0.522656 0.046875 0.123438
1 0.766016 0.603906 0.038281 0.139063
1 0.337891 0.398438 0.022656 0.103125
1 0.329688 0.309375 0.021875 0.084375
1 0.335547 0.562109 0.033594 0.142969
1 0.430469 0.394531 0.023438 0.101562
1 0.670313 0.534766 0.034375 0.128906
1 0.051172 0.517969 0.046094 0.110938
1 0.619531 0.353125 0.017188 0.075000
1 0.364453 0.853906 0.044531 0.210938
1 0.362500 0.259375 0.018750 0.071875
1 0.721484 0.496484 0.027344 0.130469
1 0.257422 0.437500 0.027344 0.103125
1 0.669141 0.300781 0.022656 0.073438
1 0.467188 0.240234 0.015625 0.058594
1 0.657031 0.364844 0.023438 0.076563
1 0.581250 0.242969 0.012500 0.060938
1 0.046094 0.364063 0.045313 0.059375
1 0.386719 0.239844 0.014063 0.064063
1 0.549219 0.199219 0.017188 0.048438
1 0.730859 0.449609 0.027344 0.108594
2 0.644531 0.903516 0.185938 0.191406
2 0.212891 0.534766 0.138281 0.132031
2 0.050000 0.447656 0.100000 0.101562
2 0.550391 0.278125 0.035156 0.075000
1 0.667188 0.456641 0.031250 0.053906
