1 0.845313 0.514453 0.056250 0.128906
1 0.755469 0.343750 0.045313 0.112500
1 0.686719 0.309766 0.020313 0.078906
2 0.632422 0.468750 0.074219 0.140625
2 0.375781 0.596875 0.120313 0.250000
1 0.075000 0.399609 0.068750 0.083594
1 0.209766 0.284766 0.044531 0.057031
1 0.276562 0.341406 0.015625 0.073438
1 0.296094 0.333984 0.017188 0.080469
2 0.332031 0.380859 0.070312 0.121094
2 0.423828 0.372656 0.057031 0.110938
1 0.519922 0.264844 0.046094 0.076563
1 0.322266 0.292578 0.025781 0.069531
1 0.358203 0.298438 0.019531 0.071875
1 0.660547 0.248438 0.017969 0.075000
1 0.392969 0.328906 0.017188 0.076563
1 0.362109 0.232422 0.014844 0.058594
4 0.449609 0.208984 0.058594 0.133594
2 0.582422 0.320312 0.061719 0.103125
1 0.390625 0.213672 0.015625 0.055469
1 0.373438 0.266797 0.012500 0.071094
