1 0.158984 0.270313 0.021094 0.046875
1 0.710156 0.318750 0.020313 0.059375
1 0.613672 0.222266 0.024219 0.032031
1 0.420313 0.221484 0.021875 0.042969
1 0.537891 0.229297 0.019531 0.033594
1 0.460938 0.229688 0.025000 0.034375
4 0.312500 0.313281 0.128125 0.251563
4 0.555469 0.291406 0.070312 0.151563
4 0.192188 0.190625 0.062500 0.075000
4 0.274609 0.182422 0.077344 0.055469
2 0.672266 0.260547 0.035156 0.046094
2 0.659766 0.244922 0.035156 0.058594
4 0.750391 0.713672 0.472656 0.571094
3 0.859375 0.680078 0.281250 0.466406
