1 0.284766 0.534766 0.063281 0.119531
1 0.737891 0.450000 0.053906 0.100000
1 0.689453 0.548828 0.063281 0.116406
1 0.449609 0.410547 0.036719 0.096094
1 0.497266 0.519531 0.066406 0.110938
1 0.034766 0.587109 0.066406 0.121094
1 0.128906 0.603516 0.070312 0.128906
1 0.517969 0.315234 0.020313 0.083594
1 0.222266 0.740625 0.091406 0.146875
1 0.306250 0.298438 0.018750 0.078125
1 0.026563 0.452344 0.053125 0.098438
1 0.673438 0.452344 0.053125 0.098438
1 0.337109 0.492188 0.052344 0.100000
1 0.407422 0.671875 0.089844 0.140625
1 0.571875 0.442188 0.056250 0.087500
1 0.669141 0.301172 0.022656 0.083594
1 0.434375 0.300000 0.021875 0.075000
1 0.276953 0.383984 0.050781 0.083594
1 0.353516 0.283984 0.022656 0.067969
1 0.593359 0.233984 0.021094 0.058594
1 0.223438 0.591797 0.068750 0.117969
1 0.417578 0.287500 0.022656 0.075000
1 0.198438 0.643359 0.075000 0.142969
1 0.401172 0.297656 0.024219 0.064063
1 0.575781 0.201172 0.017188 0.046094
1 0.923828 0.466406 0.044531 0.089063
1 0.376172 0.630078 0.077344 0.119531
1 0.010156 0.338672 0.020313 0.083594
2 0.183594 0.453516 0.154688 0.128906
2 0.614844 0.304297 0.060938 0.058594
4 0.461719 0.254688 0.042188 0.112500
1 0.253516 0.406250 0.044531 0.071875
1 0.541016 0.421094 0.047656 0.089063
