1 0.533984 0.851562 0.049219 0.137500
1 0.542969 0.517188 0.026563 0.075000
1 0.426563 0.783984 0.046875 0.130469
1 0.385156 0.713672 0.042188 0.117969
1 0.636328 0.646094 0.032031 0.098438
1 0.167578 0.800000 0.066406 0.150000
1 0.716406 0.589453 0.029688 0.091406
1 0.667188 0.714063 0.034375 0.096875
1 0.801563 0.477734 0.025000 0.067969
1 0.641406 0.521094 0.023438 0.076563
1 0.337891 0.922656 0.063281 0.126562
1 0.661328 0.466406 0.022656 0.064063
1 0.714844 0.408984 0.017188 0.055469
1 0.741016 0.423438 0.019531 0.053125
1 0.544141 0.629688 0.032031 0.096875
1 0.610156 0.618750 0.032813 0.103125
1 0.840234 0.440234 0.021094 0.058594
1 0.678516 0.509766 0.025781 0.078906
1 0.495313 0.923047 0.056250 0.108594
1 0.526172 0.592187 0.030469 0.087500
1 0.615234 0.546875 0.024219 0.071875
1 0.621094 0.496094 0.023438 0.064063
1 0.744141 0.634375 0.032031 0.103125
1 0.830859 0.600000 0.039844 0.103125
1 0.582422 0.478516 0.021094 0.053906
1 0.807031 0.407813 0.020313 0.053125
1 0.710156 0.503125 0.023438 0.075000
1 0.773828 0.477344 0.022656 0.064063
1 0.585938 0.521484 0.025000 0.080469
1 0.672266 0.426172 0.019531 0.058594
1 0.447656 0.674219 0.032813 0.098438
1 0.432031 0.629297 0.029688 0.083594
1 0.494141 0.746094 0.041406 0.126562
1 0.861719 0.379688 0.020313 0.050000
1 0.662500 0.814063 0.037500 0.112500
1 0.693359 0.422266 0.017969 0.057031
1 0.851953 0.500781 0.019531 0.060938
1 0.479297 0.696875 0.033594 0.100000
1 0.732422 0.386328 0.014844 0.053906
1 0.749219 0.370313 0.017188 0.046875
1 0.525000 0.753516 0.037500 0.091406
1 0.703906 0.446484 0.020313 0.055469
1 0.859375 0.465234 0.012500 0.046094
2 0.768750 0.547656 0.081250 0.101562
2 0.573828 0.440234 0.050781 0.067969
2 0.737891 0.476953 0.041406 0.066406
2 0.606641 0.357422 0.032031 0.046094
2 0.642578 0.416797 0.032031 0.058594
3 0.646094 0.353906 0.048438 0.085938
3 0.489844 0.452344 0.057813 0.073438
