1 0.542188 0.339844 0.021875 0.073438
1 0.604297 0.560547 0.052344 0.121094
1 0.378516 0.409375 0.038281 0.087500
1 0.732813 0.587500 0.065625 0.112500
1 0.484375 0.399219 0.025000 0.089063
1 0.536719 0.409766 0.051563 0.082031
1 0.801172 0.550000 0.061719 0.109375
1 0.301953 0.490234 0.066406 0.108594
1 0.873438 0.576172 0.068750 0.108594
1 0.503516 0.328125 0.022656 0.075000
1 0.612891 0.413281 0.028906 0.085938
1 0.404688 0.367578 0.025000 0.082031
1 0.673047 0.393359 0.027344 0.080469
1 0.758984 0.435156 0.036719 0.089063
1 0.456641 0.382422 0.041406 0.080469
1 0.924609 0.466016 0.061719 0.094531
1 0.712500 0.421094 0.050000 0.089063
1 0.319922 0.282422 0.014844 0.055469
1 0.635547 0.394531 0.027344 0.076563
1 0.400781 0.290625 0.014063 0.059375
1 0.597266 0.214844 0.013281 0.048438
1 0.334766 0.294922 0.016406 0.067969
1 0.315234 0.393359 0.055469 0.083594
1 0.378125 0.286328 0.018750 0.057031
1 0.518359 0.296484 0.017969 0.058594
2 0.119922 0.478125 0.124219 0.109375
2 0.645703 0.324219 0.094531 0.076563
2 0.038281 0.546875 0.076563 0.112500
2 0.454688 0.271094 0.034375 0.064063
1 0.352734 0.288281 0.011719 0.064063
1 0.418359 0.288281 0.017969 0.060938
1 0.465234 0.334375 0.021094 0.037500
