1 0.604297 0.765234 0.074219 0.171094
1 0.227344 0.766016 0.042188 0.191406
1 0.652344 0.328125 0.020313 0.090625
1 0.361719 0.312500 0.020313 0.087500
1 0.316797 0.283594 0.017969 0.076563
1 0.510156 0.784375 0.054688 0.165625
1 0.290625 0.620703 0.031250 0.157031
1 0.664844 0.440234 0.035938 0.105469
1 0.216406 0.522266 0.035938 0.132031
1 0.224609 0.588281 0.033594 0.148438
1 0.497656 0.310156 0.023438 0.076563
1 0.638281 0.502734 0.029688 0.121094
1 0.495313 0.673438 0.040625 0.146875
1 0.379688 0.267969 0.015625 0.076563
1 0.556250 0.240625 0.015625 0.065625
2 0.394141 0.548438 0.075781 0.171875
2 0.544141 0.646875 0.097656 0.171875
2 0.434375 0.353516 0.046875 0.094531
2 0.386719 0.949219 0.104688 0.101562
4 0.432031 0.245313 0.048438 0.115625
1 0.478906 0.284766 0.014063 0.069531
1 0.577344 0.960938 0.057813 0.078125
