1 0.783203 0.771875 0.057031 0.171875
1 0.542188 0.840234 0.050000 0.192969
1 0.589063 0.798438 0.043750 0.190625
1 0.807813 0.575781 0.034375 0.139063
1 0.298047 0.426563 0.024219 0.112500
1 0.839063 0.783984 0.053125 0.180469
1 0.917969 0.743750 0.042188 0.162500
1 0.237891 0.628125 0.035156 0.150000
1 0.753516 0.572656 0.032031 0.126562
1 0.501953 0.337500 0.019531 0.084375
1 0.633203 0.507422 0.028906 0.121094
1 0.269922 0.382422 0.027344 0.092969
1 0.878906 0.756250 0.039062 0.159375
1 0.727344 0.493750 0.026563 0.109375
1 0.696484 0.507812 0.027344 0.121875
1 0.323438 0.488672 0.025000 0.121094
1 0.555078 0.685156 0.044531 0.148438
1 0.396484 0.366016 0.017969 0.091406
1 0.254688 0.494141 0.021875 0.132031
1 0.735547 0.423047 0.027344 0.092969
1 0.558594 0.295703 0.023438 0.069531
1 0.641797 0.314063 0.017969 0.075000
1 0.019531 0.423828 0.039062 0.094531
1 0.255078 0.432813 0.022656 0.075000
1 0.575000 0.296875 0.025000 0.065625
1 0.439844 0.363672 0.017188 0.080469
1 0.692969 0.380078 0.026563 0.082031
1 0.619141 0.315234 0.019531 0.071094
1 0.247656 0.946094 0.051563 0.107813
1 0.331250 0.421875 0.018750 0.096875
1 0.525000 0.254297 0.012500 0.055469
1 0.598438 0.269141 0.015625 0.066406
2 0.421094 0.440625 0.054688 0.128125
2 0.458203 0.290625 0.038281 0.084375
2 0.559766 0.402734 0.047656 0.117969
2 0.735156 0.957813 0.145313 0.084375
2 0.557813 0.239063 0.025000 0.050000
2 0.400000 0.226953 0.028125 0.066406
2 0.019531 0.423828 0.039062 0.094531
2 0.426953 0.184766 0.022656 0.053906
3 0.349219 0.309375 0.051563 0.125000
4 0.512500 0.203125 0.040625 0.109375
4 0.463281 0.183984 0.026563 0.080469
2 0.638281 0.393750 0.064063 0.087500
