1 0.737109 0.464063 0.024219 0.062500
1 0.705469 0.494141 0.026563 0.069531
1 0.722266 0.397656 0.022656 0.051563
1 0.674609 0.507422 0.027344 0.071094
1 0.583594 0.659375 0.039062 0.103125
1 0.494531 0.601562 0.045313 0.112500
1 0.783203 0.451563 0.022656 0.062500
1 0.661719 0.412891 0.023438 0.057031
1 0.708203 0.437891 0.019531 0.053906
1 0.564844 0.601172 0.032813 0.096094
1 0.512109 0.855469 0.055469 0.148438
1 0.802344 0.785938 0.054688 0.140625
1 0.676953 0.674609 0.044531 0.117969
1 0.761328 0.453125 0.022656 0.062500
1 0.958203 0.880078 0.053906 0.178906
1 0.862891 0.434375 0.016406 0.059375
1 0.688672 0.412891 0.021094 0.053906
1 0.806641 0.546094 0.032031 0.085938
1 0.822656 0.489453 0.026563 0.069531
1 0.819531 0.428125 0.014063 0.050000
1 0.800000 0.410156 0.018750 0.051563
1 0.877734 0.408984 0.021094 0.055469
1 0.667188 0.478125 0.025000 0.062500
2 0.440625 0.561328 0.078125 0.107031
2 0.052344 0.766016 0.104688 0.153906
2 0.619141 0.411719 0.041406 0.064063
2 0.557422 0.397266 0.042969 0.057031
2 0.571875 0.449609 0.050000 0.080469
2 0.653125 0.357813 0.034375 0.050000
1 0.744922 0.402344 0.011719 0.051563
1 0.759766 0.390234 0.013281 0.042969
1 0.778125 0.379688 0.012500 0.050000
1 0.834766 0.388281 0.013281 0.048438
1 0.849609 0.410156 0.014844 0.048438
1 0.811328 0.396875 0.013281 0.050000
