4 0.344141 0.428516 0.100781 0.291406
4 0.522656 0.296094 0.048438 0.151563
4 0.355469 0.201563 0.104688 0.084375
1 0.208984 0.274219 0.017969 0.060938
1 0.071875 0.218750 0.021875 0.050000
1 0.710156 0.326953 0.017188 0.066406
1 0.697266 0.278516 0.013281 0.044531
1 0.244922 0.211328 0.014844 0.041406
1 0.268359 0.219141 0.017969 0.028906
1 0.292187 0.215625 0.018750 0.046875
2 0.639453 0.590625 0.107031 0.184375
2 0.659375 0.939844 0.178125 0.120313
2 0.603125 0.313281 0.040625 0.060938
2 0.569922 0.253516 0.036719 0.044531
2 0.623828 0.270313 0.038281 0.037500
2 0.673047 0.253906 0.042969 0.048438
3 0.169922 0.283984 0.049219 0.105469
4 0.178906 0.174219 0.045313 0.089063
