1 0.409766 0.840625 0.053906 0.146875
1 0.519531 0.857422 0.051563 0.155469
1 0.708203 0.435547 0.019531 0.055469
1 0.325000 0.857422 0.056250 0.158594
1 0.654688 0.479688 0.021875 0.065625
1 0.172656 0.908984 0.067187 0.155469
1 0.798047 0.522656 0.024219 0.073438
1 0.792188 0.670313 0.034375 0.103125
1 0.783594 0.448438 0.020313 0.062500
1 0.614453 0.599609 0.032031 0.096094
1 0.860547 0.523047 0.021094 0.080469
1 0.752734 0.520313 0.021094 0.059375
1 0.728906 0.458984 0.020313 0.058594
1 0.683203 0.417578 0.019531 0.053906
1 0.805469 0.451563 0.020313 0.062500
1 0.739453 0.503125 0.022656 0.065625
1 0.755469 0.585547 0.029688 0.092969
1 0.793359 0.767188 0.036719 0.121875
1 0.614844 0.482422 0.023438 0.071094
1 0.600391 0.453516 0.022656 0.066406
1 0.756641 0.438281 0.019531 0.060938
1 0.820312 0.474219 0.021875 0.060938
1 0.292578 0.812500 0.047656 0.153125
1 0.712891 0.399219 0.019531 0.051563
1 0.887500 0.481250 0.021875 0.062500
1 0.732422 0.421875 0.017969 0.053125
1 0.866797 0.417188 0.021094 0.059375
1 0.807813 0.408594 0.018750 0.051563
2 0.190625 0.658984 0.128125 0.142969
2 0.674219 0.716016 0.089063 0.166406
2 0.544531 0.698438 0.085938 0.146875
2 0.637500 0.547656 0.056250 0.089063
2 0.494531 0.515234 0.064063 0.092969
2 0.594141 0.375000 0.032031 0.050000
2 0.669531 0.389453 0.029688 0.053906
2 0.654688 0.352734 0.028125 0.046094
3 0.612109 0.326563 0.027344 0.059375
