1 0.946484 0.867969 0.055469 0.189063
1 0.846094 0.920313 0.067187 0.159375
1 0.177344 0.603125 0.032813 0.137500
1 0.083203 0.868750 0.050781 0.209375
1 0.252734 0.740625 0.039844 0.190625
1 0.508203 0.729688 0.038281 0.175000
1 0.866797 0.700000 0.046094 0.146875
1 0.735547 0.692188 0.052344 0.150000
1 0.911719 0.658984 0.039062 0.130469
1 0.566797 0.410547 0.021094 0.105469
1 0.506250 0.337891 0.018750 0.091406
1 0.825781 0.588672 0.035938 0.121094
1 0.173828 0.956250 0.047656 0.087500
1 0.370313 0.270313 0.018750 0.071875
2 0.635156 0.712109 0.101562 0.208594
2 0.425000 0.576953 0.071875 0.178906
2 0.444922 0.387500 0.055469 0.137500
2 0.508984 0.198828 0.033594 0.069531
2 0.410938 0.280859 0.034375 0.092969
2 0.309375 0.367188 0.087500 0.109375
4 0.542969 0.337500 0.035938 0.103125
2 0.537109 0.267969 0.036719 0.085938
2 0.441016 0.160156 0.019531 0.051563
3 0.678516 0.419922 0.163281 0.271094
4 0.457813 0.271094 0.043750 0.110938
1 0.310156 0.285547 0.017188 0.046094
1 0.170313 0.529687 0.028125 0.096875
1 0.770703 0.500000 0.016406 0.112500
