1 0.478516 0.798438 0.057031 0.146875
1 0.744141 0.411719 0.019531 0.051563
1 0.802734 0.422266 0.021094 0.057031
1 0.667578 0.781250 0.050781 0.134375
1 0.254688 0.912109 0.078125 0.142969
1 0.533203 0.699219 0.044531 0.123438
1 0.667969 0.453906 0.026563 0.064063
1 0.411719 0.688672 0.048438 0.121094
1 0.637500 0.516016 0.031250 0.082031
1 0.767188 0.426172 0.021875 0.055469
1 0.735547 0.656250 0.042969 0.115625
1 0.851953 0.408984 0.022656 0.055469
1 0.704297 0.509375 0.027344 0.075000
1 0.719141 0.417969 0.016406 0.051563
1 0.707813 0.464453 0.021875 0.057031
1 0.821484 0.396875 0.017969 0.050000
1 0.791797 0.393750 0.017969 0.046875
1 0.730469 0.383984 0.017188 0.042969
1 0.838672 0.380469 0.017969 0.048438
1 0.714453 0.381641 0.019531 0.041406
1 0.758203 0.367188 0.016406 0.046875
2 0.626953 0.382812 0.041406 0.062500
2 0.794531 0.546875 0.076563 0.115625
2 0.806641 0.588672 0.107031 0.130469
