1 0.111719 0.686328 0.039062 0.169531
1 0.096875 0.881250 0.050000 0.196875
1 0.167969 0.893750 0.048438 0.196875
1 0.729688 0.669922 0.043750 0.142969
1 0.901563 0.919141 0.068750 0.144531
1 0.566797 0.328125 0.021094 0.090625
1 0.542188 0.271875 0.018750 0.075000
1 0.271094 0.645703 0.032813 0.153906
1 0.338672 0.364063 0.024219 0.096875
1 0.957031 0.810938 0.045313 0.165625
1 0.891797 0.742969 0.061719 0.160938
1 0.314844 0.508594 0.029688 0.135938
1 0.266797 0.507812 0.024219 0.125000
1 0.260547 0.421875 0.024219 0.103125
1 0.205469 0.687891 0.032813 0.166406
1 0.018750 0.796875 0.037500 0.203125
1 0.575391 0.895313 0.047656 0.178125
1 0.773438 0.533594 0.031250 0.123438
1 0.698047 0.506250 0.030469 0.128125
1 0.208203 0.578125 0.032031 0.140625
1 0.810156 0.769141 0.042188 0.157031
1 0.298047 0.396875 0.024219 0.096875
1 0.824609 0.659375 0.036719 0.137500
1 0.239844 0.477734 0.026563 0.108594
1 0.276562 0.350391 0.025000 0.078906
1 0.786328 0.671484 0.035156 0.133594
1 0.310156 0.323047 0.020313 0.080469
1 0.645703 0.310938 0.025781 0.078125
2 0.763281 0.901563 0.167188 0.196875
2 0.576562 0.711328 0.118750 0.207031
2 0.386328 0.301563 0.044531 0.096875
2 0.519922 0.200000 0.027344 0.046875
2 0.447656 0.407031 0.057813 0.101562
4 0.627344 0.466016 0.114063 0.253906
4 0.395703 0.718750 0.178906 0.562500
4 0.456250 0.270313 0.043750 0.109375
1 0.669141 0.340625 0.016406 0.062500
1 0.688672 0.375000 0.017969 0.071875
1 0.719531 0.371094 0.032813 0.076563
1 0.710547 0.440234 0.017969 0.067969
1 0.938672 0.725000 0.036719 0.121875
