1 0.330469 0.632812 0.054688 0.146875
1 0.142969 0.835938 0.051563 0.212500
1 0.238672 0.616406 0.049219 0.135938
1 0.317578 0.398047 0.019531 0.108594
1 0.114063 0.467188 0.034375 0.112500
1 0.589844 0.294922 0.017188 0.080469
1 0.365234 0.421875 0.014844 0.090625
1 0.633984 0.297656 0.024219 0.073438
1 0.282813 0.355469 0.028125 0.089063
1 0.704297 0.378516 0.027344 0.094531
1 0.353516 0.391016 0.019531 0.069531
1 0.308594 0.338281 0.026563 0.076563
1 0.013281 0.922266 0.026563 0.132031
2 0.203125 0.408203 0.153125 0.119531
2 0.510938 0.865234 0.181250 0.267969
2 0.575391 0.410547 0.057031 0.117969
2 0.478906 0.337891 0.073438 0.107031
4 0.536328 0.255469 0.047656 0.114063
4 0.395703 0.258594 0.041406 0.101562
1 0.476953 0.548438 0.000781 0.003125
2 0.431641 0.306641 0.035156 0.066406
1 0.353516 0.331250 0.016406 0.037500
3 0.510938 0.865234 0.181250 0.267969
