1 0.072266 0.673047 0.044531 0.171094
1 0.173047 0.590625 0.039844 0.134375
1 0.759375 0.645313 0.037500 0.150000
1 0.244141 0.367578 0.044531 0.091406
1 0.251172 0.616797 0.033594 0.146094
1 0.275000 0.728516 0.040625 0.178906
1 0.544141 0.811328 0.047656 0.194531
1 0.262500 0.478125 0.028125 0.109375
1 0.127734 0.892188 0.089844 0.159375
1 0.868750 0.683594 0.053125 0.139063
1 0.743359 0.558203 0.033594 0.116406
1 0.336328 0.441016 0.025781 0.116406
1 0.698047 0.479297 0.027344 0.117969
1 0.645703 0.463281 0.022656 0.114063
1 0.520313 0.921484 0.050000 0.155469
1 0.903125 0.783594 0.053125 0.139063
1 0.722656 0.449219 0.026563 0.101562
1 0.291016 0.558984 0.025781 0.142969
1 0.707422 0.636328 0.033594 0.141406
1 0.331641 0.334766 0.025781 0.094531
1 0.018750 0.864453 0.037500 0.166406
1 0.308984 0.507812 0.027344 0.125000
1 0.823828 0.451953 0.044531 0.091406
1 0.684766 0.443750 0.022656 0.100000
2 0.548438 0.297656 0.046875 0.085938
2 0.387891 0.282031 0.038281 0.089063
2 0.418359 0.215625 0.027344 0.065625
2 0.385156 0.876563 0.110938 0.246875
4 0.588281 0.425391 0.085938 0.207031
4 0.449219 0.311719 0.057813 0.173438
3 0.451563 0.466016 0.068750 0.203906
1 0.668359 0.397266 0.024219 0.091406
1 0.631250 0.362109 0.018750 0.055469
