1 0.121094 0.866406 0.076563 0.164062
1 0.785938 0.409375 0.021875 0.053125
1 0.651563 0.478516 0.025000 0.066406
1 0.769922 0.464844 0.021094 0.060938
1 0.652734 0.797656 0.042969 0.123438
1 0.713281 0.559375 0.026563 0.071875
1 0.794531 0.521094 0.026563 0.073438
1 0.830469 0.518750 0.026563 0.071875
1 0.698828 0.629297 0.032031 0.092969
1 0.703906 0.463672 0.023438 0.067969
1 0.799609 0.850781 0.042969 0.123438
1 0.535938 0.816406 0.046875 0.135938
1 0.638281 0.545312 0.029688 0.084375
1 0.824609 0.405469 0.021094 0.051563
1 0.764063 0.660547 0.034375 0.096094
1 0.744531 0.399609 0.023438 0.055469
1 0.618750 0.742578 0.040625 0.119531
1 0.851953 0.383203 0.019531 0.053906
1 0.815625 0.599219 0.031250 0.085938
1 0.740234 0.571875 0.027344 0.075000
1 0.523047 0.578906 0.036719 0.098438
1 0.726172 0.503516 0.024219 0.066406
1 0.748828 0.488672 0.022656 0.067969
1 0.773047 0.377734 0.017969 0.046094
2 0.621484 0.395313 0.039844 0.059375
