1 0.335938 0.373438 0.021875 0.087500
1 0.389453 0.370703 0.022656 0.094531
1 0.298047 0.372266 0.039844 0.082031
1 0.271094 0.337891 0.035938 0.091406
1 0.714844 0.400391 0.032813 0.091406
1 0.630078 0.370313 0.016406 0.078125
1 0.746094 0.340234 0.029688 0.105469
1 0.693359 0.313281 0.024219 0.060938
2 0.557422 0.365625 0.067969 0.112500
1 0.076172 0.414844 0.058594 0.060938
1 0.207031 0.295703 0.051563 0.044531
1 0.337500 0.296484 0.034375 0.055469
1 0.370313 0.304297 0.018750 0.083594
1 0.345313 0.264453 0.031250 0.078906
1 0.398438 0.223438 0.018750 0.053125
1 0.216406 0.416016 0.026563 0.116406
1 0.121484 0.564844 0.033594 0.139063
1 0.049609 0.700000 0.055469 0.159375
1 0.377344 0.191406 0.017188 0.060938
2 0.525781 0.241016 0.039062 0.069531
1 0.662109 0.260937 0.030469 0.078125
1 0.639453 0.258984 0.022656 0.067969
