3 0.100000 0.228906 0.043750 0.073438
1 0.162500 0.257812 0.015625 0.059375
1 0.061719 0.220313 0.017188 0.050000
1 0.447656 0.215625 0.020313 0.040625
4 0.213672 0.193359 0.049219 0.083594
4 0.577344 0.559766 0.148438 0.357031
2 0.706250 0.550000 0.096875 0.162500
2 0.611719 0.384375 0.054688 0.078125
2 0.528516 0.319922 0.038281 0.080469
2 0.566016 0.263281 0.041406 0.051563
2 0.615625 0.271094 0.040625 0.048438
2 0.684375 0.251953 0.037500 0.041406
2 0.537109 0.221875 0.071094 0.050000
3 0.637109 0.211328 0.092969 0.066406
1 0.544922 0.902734 0.055469 0.183594
