1 0.330859 0.795313 0.049219 0.140625
1 0.505469 0.564844 0.026563 0.085938
1 0.802344 0.825391 0.048438 0.153906
1 0.825781 0.495313 0.023438 0.075000
1 0.712109 0.547266 0.024219 0.078906
1 0.801953 0.409766 0.016406 0.053906
1 0.479297 0.800000 0.042969 0.146875
1 0.770703 0.439844 0.019531 0.060938
1 0.863672 0.557031 0.021094 0.076563
1 0.855078 0.480078 0.022656 0.069531
1 0.785156 0.489453 0.020313 0.066406
1 0.699609 0.455469 0.021094 0.064063
1 0.737891 0.528516 0.019531 0.069531
1 0.571875 0.503906 0.025000 0.073438
1 0.740234 0.446875 0.021094 0.062500
1 0.803516 0.572266 0.025781 0.082031
1 0.885156 0.405078 0.020313 0.057031
1 0.423438 0.855859 0.046875 0.155469
1 0.623047 0.491406 0.024219 0.076563
1 0.759375 0.584766 0.028125 0.094531
1 0.852344 0.743750 0.039062 0.134375
1 0.592578 0.646484 0.028906 0.096094
1 0.582813 0.800781 0.037500 0.123438
1 0.726953 0.615234 0.028906 0.096094
1 0.800781 0.517969 0.017188 0.060938
1 0.643359 0.546875 0.024219 0.075000
1 0.514062 0.750391 0.028125 0.128906
1 0.560156 0.678125 0.035938 0.115625
1 0.669922 0.453906 0.021094 0.064063
1 0.681641 0.612891 0.032031 0.094531
1 0.546094 0.580078 0.026563 0.091406
1 0.823828 0.398438 0.013281 0.053125
1 0.756641 0.504297 0.022656 0.067969
1 0.621484 0.671875 0.030469 0.100000
1 0.769141 0.378125 0.016406 0.046875
1 0.852734 0.382812 0.014844 0.046875
1 0.867578 0.395703 0.019531 0.053906
1 0.644141 0.632812 0.028906 0.090625
1 0.493359 0.696484 0.021094 0.108594
1 0.579297 0.545703 0.024219 0.069531
2 0.651172 0.753125 0.086719 0.150000
2 0.612500 0.351953 0.028125 0.041406
2 0.683594 0.367578 0.023438 0.041406
2 0.505469 0.507031 0.054688 0.076563
2 0.526563 0.433984 0.043750 0.058594
2 0.681250 0.419531 0.037500 0.060938
2 0.586719 0.392969 0.035938 0.051563
2 0.591016 0.908984 0.122656 0.155469
2 0.628516 0.311719 0.022656 0.039062
2 0.667969 0.512891 0.042188 0.069531
2 0.704297 0.351172 0.024219 0.042969
2 0.379688 0.537500 0.071875 0.084375
2 0.661328 0.339453 0.025781 0.044531
3 0.321484 0.602734 0.130469 0.146094
