1 0.386719 0.921875 0.057813 0.134375
1 0.278125 0.906250 0.065625 0.140625
1 0.487891 0.726562 0.047656 0.121875
1 0.594922 0.617188 0.036719 0.100000
1 0.479688 0.603516 0.037500 0.094531
1 0.840625 0.891406 0.046875 0.135938
1 0.641797 0.464063 0.024219 0.065625
1 0.737891 0.576172 0.028906 0.071094
1 0.633984 0.561719 0.030469 0.089063
1 0.823828 0.713672 0.038281 0.105469
1 0.675391 0.451953 0.022656 0.057031
1 0.791016 0.645313 0.032031 0.090625
1 0.744922 0.644531 0.033594 0.089063
1 0.760156 0.521875 0.026563 0.071875
1 0.730469 0.726953 0.032813 0.094531
1 0.712891 0.560156 0.028906 0.076563
1 0.712109 0.421484 0.021094 0.055469
1 0.734375 0.478516 0.025000 0.066406
1 0.684375 0.837500 0.037500 0.121875
1 0.729688 0.408984 0.021875 0.055469
1 0.494922 0.948047 0.071094 0.096094
1 0.869531 0.480469 0.029688 0.073438
1 0.760547 0.772266 0.036719 0.103906
1 0.838672 0.627734 0.033594 0.092969
1 0.743750 0.865234 0.034375 0.096094
1 0.815234 0.516406 0.027344 0.073438
1 0.821875 0.460938 0.021875 0.059375
1 0.698047 0.451563 0.021094 0.059375
1 0.698438 0.533203 0.025000 0.069531
1 0.690625 0.506250 0.021875 0.059375
1 0.792969 0.532422 0.026563 0.067969
1 0.761719 0.465625 0.020313 0.059375
1 0.791797 0.463672 0.021094 0.058594
1 0.786328 0.490625 0.022656 0.062500
1 0.832422 0.433984 0.021094 0.058594
1 0.792969 0.573828 0.026563 0.069531
1 0.747656 0.437891 0.020313 0.057031
1 0.802344 0.423828 0.020313 0.057031
2 0.331641 0.561328 0.094531 0.103906
2 0.074219 0.737891 0.145313 0.157031
2 0.291797 0.684375 0.124219 0.128125
2 0.469922 0.477734 0.064844 0.083594
2 0.681641 0.402344 0.041406 0.048438
