1 0.401563 0.896094 0.065625 0.148438
1 0.574219 0.520313 0.026563 0.075000
1 0.661328 0.825000 0.044531 0.137500
1 0.792578 0.714844 0.041406 0.110938
1 0.768359 0.463281 0.024219 0.064063
1 0.635156 0.603516 0.032813 0.091406
1 0.575391 0.921875 0.057031 0.125000
1 0.400391 0.655469 0.044531 0.114063
1 0.800391 0.535938 0.025781 0.075000
1 0.794922 0.436719 0.021094 0.064063
1 0.500781 0.687500 0.039062 0.109375
1 0.709375 0.701563 0.037500 0.112500
1 0.536719 0.628516 0.032813 0.094531
1 0.708203 0.576172 0.025781 0.083594
1 0.847656 0.477344 0.023438 0.064063
1 0.689063 0.567578 0.021875 0.082031
1 0.651172 0.550781 0.027344 0.076563
1 0.602734 0.647266 0.033594 0.094531
1 0.770313 0.535938 0.025000 0.078125
1 0.814844 0.578516 0.029688 0.082031
1 0.535938 0.839063 0.043750 0.125000
1 0.591016 0.589844 0.025781 0.076563
1 0.508984 0.586719 0.030469 0.089063
1 0.853516 0.543750 0.028906 0.084375
1 0.192969 0.949609 0.070312 0.096094
1 0.487109 0.617188 0.030469 0.087500
1 0.746875 0.504688 0.021875 0.062500
1 0.747266 0.546094 0.019531 0.060938
1 0.820703 0.460938 0.022656 0.062500
1 0.591016 0.418359 0.022656 0.058594
1 0.726172 0.540625 0.014844 0.084375
1 0.698047 0.521484 0.024219 0.071094
1 0.678125 0.505078 0.025000 0.066406
1 0.611719 0.517578 0.023438 0.066406
1 0.596484 0.561328 0.024219 0.069531
1 0.822656 0.407813 0.020313 0.050000
1 0.860156 0.392188 0.020313 0.053125
1 0.733984 0.364844 0.017969 0.051563
1 0.918359 0.601172 0.036719 0.092969
2 0.565234 0.397656 0.046094 0.064063
2 0.567188 0.723828 0.084375 0.132031
2 0.738672 0.641797 0.077344 0.121094
2 0.496094 0.453125 0.060938 0.084375
2 0.346094 0.628125 0.104688 0.112500
2 0.355078 0.547266 0.078906 0.094531
2 0.689063 0.410938 0.040625 0.062500
3 0.630078 0.407813 0.047656 0.078125
2 0.635547 0.479297 0.049219 0.080469
