1 0.621094 0.701563 0.035938 0.125000
1 0.589453 0.864063 0.041406 0.153125
1 0.440234 0.922266 0.055469 0.119531
1 0.725391 0.576172 0.025781 0.092969
1 0.565625 0.630859 0.031250 0.105469
1 0.726953 0.721484 0.038281 0.130469
1 0.440625 0.676563 0.037500 0.112500
1 0.110938 0.895313 0.075000 0.159375
1 0.760938 0.564453 0.025000 0.091406
1 0.502344 0.645313 0.032813 0.100000
1 0.481641 0.784766 0.038281 0.119531
1 0.666016 0.509375 0.022656 0.075000
1 0.657422 0.600391 0.030469 0.103906
1 0.483594 0.577344 0.029688 0.089063
1 0.243750 0.937500 0.065625 0.100000
1 0.691797 0.584766 0.024219 0.094531
1 0.832031 0.419141 0.017188 0.057031
1 0.595703 0.535547 0.022656 0.083594
1 0.336328 0.774219 0.053906 0.135938
1 0.610156 0.576562 0.026563 0.090625
1 0.719531 0.434375 0.014063 0.050000
1 0.711719 0.485938 0.017188 0.065625
1 0.789062 0.421484 0.012500 0.058594
1 0.817188 0.440625 0.018750 0.062500
1 0.755859 0.477734 0.021094 0.067969
1 0.537500 0.673438 0.031250 0.109375
1 0.531641 0.565625 0.028906 0.090625
1 0.032031 0.946094 0.054688 0.107813
1 0.759375 0.418359 0.018750 0.055469
1 0.654688 0.535156 0.021875 0.073438
1 0.851172 0.508203 0.017969 0.069531
1 0.853125 0.420313 0.012500 0.053125
1 0.781250 0.585938 0.018750 0.087500
1 0.482422 0.701563 0.030469 0.087500
1 0.775000 0.395313 0.015625 0.050000
1 0.861328 0.382812 0.013281 0.050000
1 0.746094 0.384375 0.014063 0.050000
1 0.840234 0.559375 0.024219 0.053125
3 0.089844 0.709766 0.151563 0.157031
2 0.364063 0.614063 0.096875 0.109375
2 0.885547 0.612891 0.127344 0.128906
2 0.495313 0.450781 0.043750 0.064063
2 0.784375 0.538281 0.056250 0.073438
2 0.624219 0.498828 0.042188 0.069531
2 0.634375 0.388281 0.028125 0.048438
3 0.580078 0.414062 0.075781 0.125000
3 0.658203 0.338672 0.025781 0.055469
3 0.705078 0.338672 0.025781 0.055469
1 0.803125 0.429297 0.012500 0.058594
