2 0.603906 0.666016 0.114063 0.219531
2 0.763672 0.722266 0.142969 0.203906
2 0.657422 0.488672 0.077344 0.121094
2 0.302344 0.213281 0.051563 0.051563
2 0.539062 0.221484 0.050000 0.046094
2 0.690625 0.229297 0.056250 0.046094
2 0.651953 0.265625 0.041406 0.046875
4 0.529297 0.348047 0.089844 0.208594
1 0.395703 0.357813 0.022656 0.078125
1 0.945703 0.676172 0.050781 0.167969
1 0.708594 0.325000 0.014063 0.059375
1 0.698828 0.296875 0.013281 0.053125
3 0.621094 0.366016 0.064063 0.119531
3 0.599219 0.278125 0.051563 0.121875
