1 0.299219 0.471875 0.032813 0.128125
2 0.396094 0.469531 0.082813 0.185938
1 0.248438 0.364063 0.028125 0.084375
1 0.073438 0.390625 0.059375 0.090625
1 0.208594 0.291406 0.045313 0.035938
1 0.639453 0.580859 0.038281 0.158594
1 0.820312 0.486328 0.050000 0.119531
1 0.692969 0.292187 0.032813 0.090625
1 0.657422 0.273047 0.030469 0.080469
1 0.601172 0.226562 0.024219 0.084375
1 0.532813 0.253906 0.028125 0.060938
1 0.568359 0.244141 0.021094 0.053906
4 0.437891 0.242578 0.075781 0.207031
1 0.311719 0.274219 0.020313 0.076563
1 0.342188 0.287109 0.021875 0.067969
1 0.378516 0.260156 0.019531 0.051563
1 0.349609 0.226562 0.014844 0.062500
1 0.366406 0.207031 0.014063 0.060938
