1 0.572266 0.921875 0.060156 0.128125
1 0.103516 0.922656 0.075781 0.135938
1 0.690625 0.422266 0.018750 0.053906
1 0.182813 0.908203 0.068750 0.128906
1 0.572266 0.507422 0.025781 0.071094
1 0.708594 0.451172 0.020313 0.055469
1 0.732031 0.394531 0.017188 0.048438
1 0.712891 0.546094 0.025781 0.073438
1 0.651563 0.453125 0.021875 0.053125
1 0.760938 0.600781 0.028125 0.089063
1 0.611719 0.697656 0.035938 0.098438
1 0.438672 0.772656 0.046094 0.126562
1 0.777344 0.394922 0.014063 0.046094
1 0.472656 0.585938 0.035938 0.087500
1 0.519922 0.550000 0.030469 0.078125
1 0.791406 0.382422 0.014063 0.042969
1 0.817969 0.556250 0.029688 0.084375
1 0.823438 0.388281 0.015625 0.048438
1 0.696094 0.591016 0.026563 0.082031
1 0.227734 0.951563 0.061719 0.096875
1 0.806250 0.353125 0.012500 0.040625
1 0.758594 0.532813 0.023438 0.059375
1 0.767188 0.370313 0.012500 0.040625
1 0.857813 0.384375 0.015625 0.050000
1 0.611719 0.573828 0.026563 0.069531
1 0.835938 0.367578 0.012500 0.041406
1 0.617969 0.616797 0.026563 0.071094
2 0.339063 0.600781 0.093750 0.101562
2 0.658984 0.520703 0.061719 0.091406
2 0.533984 0.452344 0.049219 0.064063
2 0.184766 0.660938 0.113281 0.109375
2 0.621875 0.395313 0.040625 0.059375
2 0.661719 0.324219 0.023438 0.039062
2 0.628906 0.311719 0.023438 0.035938
