2 0.705859 0.853125 0.227344 0.290625
1 0.549219 0.414062 0.026563 0.109375
1 0.363672 0.321484 0.027344 0.080469
1 0.271875 0.443750 0.056250 0.109375
1 0.228125 0.648438 0.059375 0.190625
1 0.091797 0.648047 0.074219 0.205469
1 0.078906 0.390625 0.073438 0.062500
1 0.209375 0.283984 0.046875 0.055469
1 0.365625 0.245313 0.015625 0.075000
1 0.341406 0.241016 0.026563 0.066406
1 0.662891 0.264844 0.025781 0.064063
1 0.612500 0.192969 0.031250 0.064063
1 0.541797 0.335938 0.021094 0.065625
1 0.384375 0.234375 0.015625 0.071875
