1 0.372266 0.759375 0.047656 0.150000
1 0.621875 0.688281 0.040625 0.126562
1 0.800391 0.505469 0.025781 0.073438
1 0.630859 0.536328 0.027344 0.091406
1 0.650391 0.450391 0.022656 0.066406
1 0.698047 0.573438 0.030469 0.090625
1 0.446875 0.752734 0.046875 0.146094
1 0.691797 0.462500 0.021094 0.062500
1 0.731641 0.396875 0.019531 0.053125
1 0.829297 0.480078 0.024219 0.066406
1 0.808594 0.450000 0.020313 0.053125
1 0.785156 0.433984 0.020313 0.055469
1 0.738672 0.509766 0.024219 0.069531
1 0.728906 0.452734 0.020313 0.055469
1 0.749219 0.433984 0.020313 0.058594
1 0.855469 0.536328 0.029688 0.078906
1 0.716406 0.502734 0.023438 0.071094
1 0.767969 0.475000 0.023438 0.065625
1 0.956250 0.879688 0.050000 0.187500
1 0.672266 0.423047 0.019531 0.058594
1 0.715625 0.419531 0.018750 0.051563
1 0.823828 0.435156 0.019531 0.051563
1 0.866797 0.453125 0.024219 0.059375
1 0.692188 0.421484 0.015625 0.046094
1 0.863672 0.410156 0.021094 0.051563
1 0.706641 0.396875 0.019531 0.046875
1 0.747656 0.395313 0.017188 0.053125
1 0.833984 0.379688 0.017969 0.046875
1 0.786719 0.381641 0.017188 0.044531
1 0.800391 0.409375 0.016406 0.046875
2 0.533203 0.437891 0.047656 0.069531
2 0.692969 0.369922 0.032813 0.046094
2 0.669531 0.337109 0.029688 0.046094
3 0.160938 0.775781 0.321875 0.429688
