1 0.494531 0.536719 0.073438 0.123438
1 0.461719 0.878516 0.064063 0.191406
1 0.668750 0.300781 0.018750 0.073438
1 0.623047 0.283984 0.021094 0.071094
1 0.598047 0.773828 0.046094 0.178906
1 0.732031 0.563281 0.070312 0.114063
1 0.736719 0.494141 0.073438 0.107031
1 0.518359 0.309766 0.033594 0.069531
1 0.269141 0.358203 0.028906 0.091406
1 0.315234 0.328906 0.024219 0.085938
1 0.401563 0.297656 0.025000 0.073438
1 0.425391 0.295313 0.025781 0.071875
1 0.363281 0.312500 0.023438 0.078125
1 0.289844 0.340625 0.023438 0.087500
1 0.587891 0.225000 0.019531 0.053125
1 0.696875 0.336719 0.021875 0.073438
1 0.447656 0.312500 0.026563 0.062500
2 0.468750 0.397266 0.106250 0.094531
2 0.033594 0.491016 0.067187 0.094531
2 0.542578 0.246875 0.035156 0.071875
