1 0.450000 0.854688 0.059375 0.150000
1 0.785156 0.618750 0.026563 0.087500
1 0.762109 0.559375 0.027344 0.075000
1 0.817578 0.464063 0.022656 0.062500
1 0.729297 0.540234 0.014844 0.067969
1 0.688672 0.700391 0.036719 0.107031
1 0.847656 0.466797 0.026563 0.067969
1 0.808984 0.655859 0.036719 0.096094
1 0.345703 0.809375 0.063281 0.146875
1 0.673047 0.573828 0.027344 0.082031
1 0.580078 0.741406 0.044531 0.123438
1 0.564844 0.614063 0.035938 0.096875
1 0.842188 0.578125 0.031250 0.084375
1 0.798438 0.451172 0.021875 0.058594
1 0.542578 0.564453 0.028906 0.082031
1 0.781250 0.422266 0.021875 0.057031
1 0.746094 0.482031 0.023438 0.064063
1 0.610938 0.619531 0.034375 0.098438
1 0.732813 0.419531 0.021875 0.060938
1 0.822266 0.536328 0.022656 0.069531
1 0.764453 0.466406 0.022656 0.064063
1 0.825000 0.391406 0.021875 0.051563
1 0.801563 0.560156 0.028125 0.073438
1 0.654297 0.615625 0.033594 0.096875
1 0.720703 0.628906 0.028906 0.085938
1 0.633203 0.566016 0.022656 0.069531
1 0.704297 0.431250 0.014844 0.046875
1 0.749609 0.670313 0.036719 0.103125
1 0.588281 0.564453 0.026563 0.078906
1 0.797656 0.503125 0.023438 0.062500
1 0.701172 0.594141 0.027344 0.078906
1 0.737891 0.355859 0.019531 0.046094
1 0.858203 0.389453 0.022656 0.057031
1 0.758594 0.359375 0.017188 0.046875
2 0.168750 0.655859 0.128125 0.146094
2 0.355078 0.619531 0.113281 0.139063
2 0.636719 0.437891 0.045313 0.069531
2 0.064844 0.837891 0.117188 0.169531
2 0.559375 0.480859 0.053125 0.080469
2 0.535938 0.425781 0.050000 0.073438
2 0.636328 0.510156 0.053906 0.076563
2 0.579688 0.390625 0.043750 0.062500
3 0.653906 0.341406 0.051563 0.085938
1 0.631250 0.525000 0.021875 0.062500
1 0.721875 0.508594 0.015625 0.048438
1 0.710156 0.398438 0.017188 0.053125
