1 0.777734 0.473438 0.017969 0.065625
1 0.438672 0.729297 0.039844 0.117969
1 0.863672 0.503906 0.027344 0.076563
1 0.696875 0.536719 0.028125 0.085938
1 0.792969 0.897656 0.051563 0.160938
1 0.503516 0.740625 0.041406 0.125000
1 0.558984 0.689844 0.036719 0.110938
1 0.790234 0.571875 0.021094 0.100000
1 0.709375 0.422656 0.021875 0.060938
1 0.742578 0.550000 0.028906 0.087500
1 0.608594 0.535938 0.026563 0.084375
1 0.869922 0.421484 0.021094 0.058594
1 0.541797 0.641797 0.030469 0.092969
1 0.744922 0.440625 0.021094 0.059375
1 0.860938 0.867188 0.046875 0.175000
1 0.607422 0.654297 0.027344 0.105469
1 0.400781 0.934766 0.057813 0.103906
1 0.845703 0.421484 0.019531 0.058594
1 0.755078 0.482422 0.025781 0.071094
1 0.824219 0.441797 0.017188 0.055469
1 0.540625 0.565625 0.031250 0.084375
1 0.634375 0.603516 0.028125 0.094531
1 0.671094 0.432031 0.023438 0.064063
1 0.415625 0.683984 0.034375 0.108594
1 0.637109 0.549609 0.024219 0.071094
1 0.734766 0.420313 0.016406 0.053125
1 0.752734 0.407813 0.017969 0.050000
1 0.768359 0.410938 0.017969 0.050000
2 0.592187 0.879688 0.103125 0.175000
2 0.505078 0.503125 0.057031 0.084375
2 0.438672 0.496484 0.061719 0.083594
2 0.642188 0.500781 0.050000 0.076563
2 0.690234 0.390625 0.030469 0.053125
2 0.214453 0.683203 0.144531 0.141406
2 0.596094 0.390625 0.032813 0.053125
1 0.796484 0.419141 0.014844 0.053906
1 0.783984 0.421875 0.014844 0.050000
