1 0.849219 0.451563 0.023438 0.065625
1 0.439063 0.799609 0.046875 0.133594
1 0.620703 0.478125 0.022656 0.065625
1 0.839063 0.716016 0.037500 0.107031
1 0.808984 0.447656 0.021094 0.060938
1 0.628906 0.533594 0.023438 0.073438
1 0.721484 0.467969 0.021094 0.064063
1 0.712891 0.672656 0.032031 0.101562
1 0.655078 0.551172 0.025781 0.083594
1 0.770703 0.367188 0.016406 0.050000
1 0.826563 0.395313 0.018750 0.053125
1 0.637500 0.922656 0.050000 0.126562
1 0.694531 0.490625 0.020313 0.065625
1 0.476953 0.670703 0.038281 0.116406
1 0.844531 0.867188 0.045313 0.146875
1 0.707422 0.784766 0.033594 0.107031
1 0.743750 0.648047 0.028125 0.092969
1 0.784766 0.684375 0.028906 0.096875
1 0.602734 0.634375 0.030469 0.100000
1 0.582422 0.676563 0.027344 0.100000
1 0.559375 0.745313 0.037500 0.115625
1 0.807813 0.800781 0.034375 0.110938
1 0.860156 0.396484 0.020313 0.055469
1 0.835156 0.534375 0.026563 0.078125
1 0.795313 0.935156 0.043750 0.110938
1 0.730469 0.426172 0.020313 0.055469
1 0.709375 0.535156 0.025000 0.073438
1 0.551953 0.579688 0.028906 0.084375
1 0.744531 0.865625 0.035938 0.134375
1 0.778906 0.438281 0.020313 0.060938
1 0.710547 0.909375 0.039844 0.128125
1 0.798047 0.397656 0.017969 0.051563
1 0.343359 0.899219 0.039844 0.160938
1 0.752344 0.503516 0.023438 0.066406
1 0.628516 0.607813 0.028906 0.087500
1 0.671484 0.634375 0.030469 0.096875
1 0.753516 0.341016 0.016406 0.044531
1 0.802344 0.644922 0.026563 0.083594
1 0.640234 0.702734 0.030469 0.105469
1 0.019922 0.948438 0.039844 0.103125
1 0.700391 0.448828 0.019531 0.053906
1 0.544531 0.661719 0.029688 0.098438
1 0.540625 0.544531 0.028125 0.076563
1 0.738672 0.562500 0.021094 0.065625
1 0.639453 0.825000 0.038281 0.112500
1 0.746875 0.450000 0.018750 0.059375
1 0.746094 0.590625 0.023438 0.065625
1 0.792188 0.348828 0.015625 0.041406
1 0.836328 0.362109 0.016406 0.046094
1 0.792578 0.616406 0.025781 0.064063
2 0.652344 0.366406 0.029688 0.048438
2 0.778125 0.549219 0.084375 0.073438
2 0.707813 0.395313 0.037500 0.059375
2 0.551563 0.405859 0.034375 0.046094
2 0.648828 0.327344 0.025781 0.039062
3 0.585938 0.417578 0.050000 0.078906
