1 0.378906 0.645313 0.079688 0.128125
1 0.653516 0.603516 0.072656 0.116406
1 0.782813 0.505859 0.034375 0.105469
1 0.737109 0.572266 0.064844 0.103906
1 0.317578 0.491406 0.053906 0.101562
1 0.583203 0.453516 0.053906 0.091406
1 0.497656 0.310547 0.032813 0.071094
1 0.212500 0.431250 0.053125 0.087500
1 0.510938 0.564844 0.078125 0.110938
1 0.603906 0.397656 0.032813 0.076563
1 0.526953 0.493750 0.060156 0.100000
1 0.464453 0.465625 0.060156 0.090625
1 0.332031 0.397266 0.051563 0.091406
1 0.791797 0.633984 0.046094 0.130469
1 0.667578 0.519141 0.041406 0.094531
1 0.667578 0.309766 0.022656 0.066406
1 0.362109 0.314453 0.024219 0.082031
1 0.910938 0.476562 0.068750 0.090625
1 0.325000 0.313281 0.025000 0.076563
1 0.402344 0.285938 0.020313 0.075000
1 0.573438 0.243359 0.015625 0.055469
1 0.300000 0.404297 0.034375 0.083594
1 0.699609 0.349219 0.021094 0.076563
1 0.595703 0.228125 0.016406 0.050000
1 0.269141 0.382812 0.044531 0.084375
1 0.542578 0.253516 0.016406 0.057031
1 0.126953 0.425781 0.050781 0.085938
1 0.009375 0.364063 0.018750 0.081250
2 0.424219 0.421875 0.101562 0.096875
2 0.060938 0.466406 0.121875 0.135938
4 0.455859 0.265625 0.042969 0.087500
4 0.535156 0.147656 0.032813 0.076563
1 0.516797 0.425781 0.046094 0.073438
