1 0.425391 0.925000 0.050781 0.121875
1 0.362891 0.731641 0.047656 0.132031
1 0.371875 0.896094 0.053125 0.148438
1 0.590625 0.542188 0.025000 0.078125
1 0.737891 0.453125 0.022656 0.062500
1 0.800781 0.435547 0.020313 0.055469
1 0.809375 0.490234 0.028125 0.071094
1 0.823047 0.424609 0.021094 0.055469
1 0.558203 0.426172 0.025781 0.058594
1 0.570312 0.512500 0.021875 0.062500
1 0.430469 0.599609 0.039062 0.108594
1 0.395703 0.772656 0.050781 0.123438
1 0.712891 0.451172 0.019531 0.055469
1 0.754688 0.392969 0.018750 0.048438
1 0.847266 0.440625 0.022656 0.059375
1 0.546484 0.697266 0.042969 0.116406
1 0.582422 0.453125 0.021094 0.059375
1 0.696875 0.425781 0.018750 0.051563
1 0.682031 0.447266 0.023438 0.057031
1 0.767578 0.433984 0.022656 0.058594
1 0.589453 0.487109 0.019531 0.067969
1 0.784766 0.410156 0.016406 0.048438
1 0.730859 0.392188 0.017969 0.046875
1 0.721094 0.420313 0.017188 0.050000
1 0.715234 0.379688 0.017969 0.040625
1 0.848438 0.380469 0.018750 0.048438
2 0.629297 0.853125 0.099219 0.171875
2 0.548828 0.590625 0.072656 0.115625
2 0.691797 0.511719 0.055469 0.089063
2 0.611719 0.357031 0.032813 0.051563
2 0.692578 0.366016 0.035156 0.057031
2 0.627734 0.337109 0.027344 0.042969
2 0.660938 0.325000 0.028125 0.046875
