2 0.411719 0.428125 0.085938 0.162500
1 0.522266 0.284766 0.041406 0.053906
1 0.573828 0.367188 0.044531 0.100000
1 0.078516 0.391016 0.057031 0.078906
1 0.211328 0.290234 0.050781 0.055469
1 0.910156 0.440234 0.051563 0.108594
1 0.094531 0.578906 0.051563 0.114063
1 0.204688 0.546875 0.071875 0.096875
1 0.293359 0.535547 0.055469 0.117969
1 0.300391 0.396484 0.022656 0.080469
1 0.335938 0.314063 0.025000 0.071875
1 0.367578 0.229688 0.035156 0.062500
1 0.096875 0.840625 0.121875 0.240625
2 0.439453 0.300391 0.050781 0.091406
1 0.635938 0.223047 0.015625 0.055469
1 0.659766 0.241797 0.016406 0.055469
