1 0.741406 0.535156 0.070312 0.148438
1 0.779297 0.566016 0.024219 0.078906
1 0.723828 0.417188 0.010156 0.050000
3 0.496875 0.478516 0.075000 0.107031
1 0.866797 0.471875 0.017969 0.065625
1 0.834375 0.492969 0.025000 0.060938
2 0.570703 0.398047 0.041406 0.058594
3 0.680469 0.315625 0.029688 0.062500
1 0.749609 0.380859 0.014844 0.046094
1 0.716016 0.578125 0.022656 0.084375
2 0.488281 0.926563 0.098438 0.146875
2 0.745313 0.535938 0.050000 0.071875
1 0.828906 0.364063 0.007812 0.050000
1 0.689063 0.560156 0.025000 0.089063
1 0.804688 0.439453 0.018750 0.066406
1 0.766406 0.414844 0.014063 0.048438
1 0.639063 0.469922 0.021875 0.067969
1 0.656250 0.598828 0.025000 0.094531
2 0.721875 0.478125 0.043750 0.062500
1 0.812891 0.589063 0.019531 0.090625
1 0.577734 0.608203 0.030469 0.116406
1 0.623047 0.645313 0.024219 0.112500
1 0.568750 0.747656 0.037500 0.151563
1 0.459766 0.767578 0.041406 0.144531
1 0.284375 0.917188 0.065625 0.162500
1 0.847656 0.453906 0.017188 0.064063
