3 0.100391 0.223438 0.038281 0.062500
1 0.060547 0.215234 0.011719 0.042969
1 0.149219 0.245703 0.010938 0.041406
4 0.203125 0.190234 0.040625 0.083594
4 0.595313 0.635938 0.178125 0.450000
2 0.733984 0.606250 0.127344 0.178125
2 0.616406 0.396875 0.057813 0.078125
2 0.524219 0.333203 0.045313 0.091406
2 0.602344 0.332813 0.039062 0.078125
2 0.608594 0.275781 0.039062 0.048438
2 0.664062 0.255078 0.046875 0.044531
2 0.556641 0.262891 0.041406 0.053906
2 0.516016 0.217969 0.063281 0.048438
3 0.628125 0.208203 0.103125 0.057031
1 0.420703 0.218359 0.025781 0.042969
