1 0.833984 0.598438 0.055469 0.175000
1 0.732031 0.506641 0.035938 0.166406
1 0.745313 0.356250 0.028125 0.109375
1 0.679688 0.272656 0.021875 0.076563
2 0.570703 0.240234 0.038281 0.071094
1 0.297656 0.551563 0.048438 0.175000
1 0.281641 0.361328 0.028906 0.091406
1 0.191406 0.450781 0.042188 0.098438
1 0.158984 0.553906 0.046094 0.135938
1 0.082031 0.699609 0.060938 0.130469
1 0.053906 0.879297 0.064063 0.105469
1 0.076953 0.404297 0.053906 0.080469
1 0.204688 0.285938 0.040625 0.046875
1 0.319141 0.261328 0.022656 0.078906
1 0.347266 0.340234 0.019531 0.083594
2 0.393750 0.307031 0.056250 0.101562
1 0.248047 0.351562 0.033594 0.112500
1 0.353906 0.222266 0.014063 0.057031
1 0.658594 0.242188 0.020313 0.065625
