1 0.151953 0.902734 0.057031 0.192969
1 0.277734 0.700000 0.033594 0.184375
1 0.335547 0.661719 0.042969 0.164062
1 0.291016 0.535156 0.028906 0.114063
1 0.419922 0.916406 0.064844 0.164062
1 0.533203 0.767188 0.038281 0.175000
1 0.507422 0.521484 0.033594 0.117969
1 0.369141 0.391016 0.019531 0.091406
1 0.465625 0.427344 0.025000 0.089063
1 0.503516 0.383203 0.019531 0.082031
1 0.533984 0.351562 0.017969 0.075000
1 0.464453 0.348828 0.022656 0.069531
1 0.490625 0.343359 0.015625 0.058594
1 0.413672 0.303516 0.017969 0.057031
1 0.487500 0.284375 0.012500 0.050000
