2 0.759375 0.526563 0.134375 0.203125
2 0.618359 0.778906 0.139844 0.260937
2 0.581641 0.514062 0.085156 0.184375
4 0.564844 0.341016 0.067187 0.144531
2 0.662109 0.339844 0.067969 0.123438
1 0.746094 0.353906 0.023438 0.060938
1 0.687500 0.300781 0.018750 0.064063
1 0.658203 0.275781 0.016406 0.060938
1 0.322266 0.315625 0.025781 0.084375
1 0.214844 0.463281 0.032813 0.098438
1 0.085938 0.405859 0.056250 0.055469
1 0.207813 0.281641 0.043750 0.032031
1 0.386328 0.289062 0.025781 0.071875
1 0.328906 0.246875 0.017188 0.065625
1 0.366406 0.219531 0.014063 0.060938
