1 0.097656 0.644531 0.042188 0.164062
1 0.276562 0.353906 0.021875 0.089063
1 0.321484 0.284375 0.017969 0.071875
1 0.824219 0.597266 0.029688 0.128906
1 0.731641 0.419922 0.019531 0.083594
1 0.220313 0.489844 0.031250 0.126562
1 0.367969 0.245703 0.010938 0.053906
1 0.408594 0.187500 0.010938 0.050000
2 0.367188 0.330078 0.056250 0.091406
2 0.714453 0.543750 0.072656 0.159375
2 0.435156 0.368750 0.054688 0.096875
4 0.312500 0.465234 0.071875 0.121094
4 0.590234 0.433594 0.092969 0.210938
4 0.535156 0.238672 0.051563 0.121094
4 0.458984 0.159766 0.033594 0.078906
1 0.191797 0.366797 0.021094 0.083594
2 0.427734 0.291016 0.042969 0.053906
