1 0.852734 0.674609 0.042969 0.142969
1 0.754688 0.810547 0.050000 0.180469
1 0.274609 0.658984 0.042969 0.158594
1 0.681641 0.534375 0.035156 0.128125
1 0.800000 0.536719 0.028125 0.123438
1 0.737891 0.509766 0.028906 0.116406
1 0.575781 0.312891 0.017188 0.078906
1 0.728516 0.673047 0.050781 0.146094
1 0.604688 0.468359 0.034375 0.108594
1 0.253516 0.935547 0.060156 0.121094
1 0.466016 0.350781 0.019531 0.085938
1 0.860938 0.912500 0.059375 0.162500
1 0.056250 0.923047 0.062500 0.146094
1 0.245313 0.400000 0.028125 0.096875
1 0.258203 0.505469 0.028906 0.126562
1 0.379297 0.355469 0.024219 0.085938
1 0.227344 0.480078 0.029688 0.119531
1 0.651172 0.453125 0.055469 0.096875
1 0.349219 0.544922 0.032813 0.130469
1 0.745313 0.427344 0.025000 0.098438
1 0.679297 0.339063 0.021094 0.078125
1 0.948828 0.909375 0.078906 0.175000
1 0.627734 0.378906 0.021094 0.089063
1 0.606641 0.354688 0.022656 0.078125
1 0.471484 0.268359 0.017969 0.058594
1 0.643359 0.352734 0.017969 0.083594
1 0.133594 0.945312 0.057813 0.109375
1 0.708203 0.434375 0.022656 0.112500
2 0.548047 0.408984 0.061719 0.108594
2 0.428906 0.317188 0.057813 0.090625
2 0.337109 0.354297 0.061719 0.080469
3 0.394922 0.226562 0.033594 0.087500
4 0.394922 0.226562 0.033594 0.087500
3 0.069531 0.394531 0.135938 0.123438
2 0.521484 0.783984 0.171094 0.258594
