2 0.355078 0.410156 0.069531 0.135938
2 0.269531 0.357813 0.054688 0.087500
1 0.117578 0.398828 0.025781 0.091406
2 0.620313 0.390625 0.062500 0.103125
1 0.812109 0.485938 0.033594 0.112500
1 0.713672 0.326563 0.017969 0.059375
1 0.416016 0.341406 0.025781 0.076563
2 0.606641 0.267188 0.050781 0.059375
1 0.704688 0.284375 0.015625 0.053125
1 0.421484 0.234375 0.024219 0.050000
1 0.360547 0.217188 0.024219 0.037500
1 0.324609 0.215625 0.024219 0.034375
1 0.627344 0.226562 0.060938 0.071875
3 0.243359 0.199219 0.055469 0.060938
2 0.443359 0.225781 0.055469 0.048438
