1 0.332422 0.684375 0.055469 0.121875
1 0.604297 0.852734 0.055469 0.146094
1 0.495703 0.865625 0.063281 0.140625
1 0.457031 0.647266 0.042188 0.107031
1 0.651172 0.535156 0.033594 0.089063
1 0.598438 0.548828 0.034375 0.091406
1 0.692578 0.617578 0.038281 0.103906
1 0.534375 0.617578 0.037500 0.103906
1 0.784766 0.646875 0.038281 0.103125
1 0.817578 0.850391 0.047656 0.132031
1 0.560156 0.560937 0.032813 0.090625
1 0.847266 0.656250 0.041406 0.109375
1 0.738281 0.575391 0.032813 0.091406
1 0.721484 0.531641 0.030469 0.078906
1 0.690625 0.411719 0.025000 0.060938
1 0.796094 0.564063 0.020313 0.075000
1 0.844922 0.504297 0.030469 0.080469
1 0.820703 0.590625 0.032031 0.090625
1 0.878516 0.449609 0.028906 0.071094
1 0.707031 0.396484 0.023438 0.058594
1 0.808594 0.518750 0.026563 0.071875
1 0.830078 0.743750 0.041406 0.109375
1 0.777734 0.522656 0.027344 0.073438
1 0.846875 0.451563 0.028125 0.065625
1 0.801953 0.408984 0.022656 0.058594
1 0.735156 0.397266 0.023438 0.057031
1 0.762891 0.408984 0.019531 0.055469
1 0.651563 0.421094 0.028125 0.060938
1 0.784375 0.395703 0.018750 0.053906
2 0.119922 0.782813 0.152344 0.175000
2 0.630078 0.712500 0.094531 0.162500
2 0.478516 0.742969 0.088281 0.164062
2 0.760156 0.472656 0.048438 0.064063
2 0.648438 0.477344 0.050000 0.073438
