1 0.739844 0.760547 0.070312 0.183594
1 0.810156 0.903906 0.067187 0.189063
1 0.903906 0.698828 0.070312 0.141406
1 0.772266 0.464844 0.044531 0.126562
1 0.730078 0.411719 0.035156 0.114063
1 0.696484 0.366016 0.017969 0.078906
1 0.700000 0.298438 0.031250 0.075000
1 0.673047 0.292969 0.021094 0.051563
1 0.658984 0.293359 0.014844 0.055469
1 0.630078 0.307422 0.016406 0.055469
1 0.607813 0.259375 0.015625 0.053125
1 0.596875 0.280859 0.021875 0.055469
2 0.548438 0.259375 0.053125 0.078125
1 0.076953 0.397266 0.057031 0.069531
1 0.215625 0.284375 0.037500 0.037500
1 0.437109 0.258594 0.024219 0.051563
1 0.343359 0.246094 0.017969 0.060938
