2 0.644922 0.376953 0.083594 0.153906
1 0.569141 0.310938 0.035156 0.100000
1 0.709766 0.330078 0.022656 0.094531
1 0.591797 0.752344 0.064844 0.185938
1 0.549609 0.446875 0.039844 0.121875
1 0.078516 0.399609 0.063281 0.080469
1 0.190234 0.414062 0.042969 0.100000
1 0.299609 0.387109 0.030469 0.092969
1 0.315625 0.339063 0.021875 0.078125
1 0.353125 0.284766 0.021875 0.069531
1 0.484375 0.268359 0.025000 0.080469
3 0.411719 0.389453 0.117188 0.291406
1 0.378125 0.215625 0.009375 0.040625
1 0.675781 0.244531 0.020313 0.076563
1 0.635156 0.205469 0.020313 0.064063
