2 0.624219 0.493750 0.085938 0.140625
3 0.640234 0.290625 0.111719 0.203125
1 0.350000 0.407422 0.025000 0.096094
1 0.379297 0.383984 0.017969 0.092969
2 0.438672 0.351953 0.055469 0.116406
1 0.275781 0.428516 0.039062 0.116406
1 0.305078 0.374219 0.032031 0.098438
1 0.210547 0.459375 0.030469 0.096875
1 0.235938 0.506641 0.046875 0.141406
1 0.247266 0.662500 0.044531 0.159375
1 0.279688 0.554688 0.046875 0.100000
1 0.145313 0.528906 0.040625 0.114063
1 0.093359 0.803125 0.049219 0.150000
1 0.082031 0.389844 0.057813 0.076563
1 0.326172 0.306250 0.024219 0.103125
1 0.354688 0.306250 0.015625 0.046875
1 0.373828 0.294141 0.032031 0.091406
1 0.335938 0.340625 0.018750 0.071875
1 0.373438 0.315625 0.021875 0.075000
1 0.356250 0.299609 0.018750 0.058594
2 0.450000 0.241406 0.037500 0.060938
1 0.390234 0.226172 0.017969 0.055469
1 0.411719 0.238281 0.017188 0.064063
