1 0.323438 0.812500 0.059375 0.150000
1 0.805859 0.741016 0.039844 0.119531
1 0.808594 0.478125 0.026563 0.065625
1 0.822656 0.547656 0.029688 0.076563
1 0.494531 0.794141 0.048438 0.128906
1 0.745703 0.768359 0.035156 0.105469
1 0.830859 0.643750 0.033594 0.096875
1 0.721484 0.451953 0.027344 0.066406
1 0.751953 0.439063 0.025781 0.065625
1 0.519531 0.631641 0.029688 0.082031
1 0.533203 0.703125 0.035156 0.100000
1 0.870703 0.437109 0.028906 0.067969
1 0.643359 0.544922 0.027344 0.071094
1 0.790625 0.546875 0.028125 0.075000
1 0.376953 0.948828 0.060156 0.094531
1 0.707813 0.618359 0.031250 0.083594
1 0.676172 0.532031 0.027344 0.073438
1 0.778125 0.629688 0.031250 0.087500
1 0.628516 0.660547 0.035156 0.096094
1 0.839453 0.519141 0.025781 0.066406
1 0.752344 0.573047 0.029688 0.083594
1 0.729688 0.712891 0.031250 0.091406
1 0.605469 0.615234 0.026563 0.080469
1 0.799219 0.434766 0.023438 0.057031
1 0.848438 0.406250 0.025000 0.062500
2 0.689453 0.908984 0.103906 0.146094
2 0.494922 0.458984 0.064844 0.083594
2 0.595313 0.421875 0.037500 0.065625
2 0.595313 0.376953 0.031250 0.044531
3 0.646875 0.428125 0.075000 0.140625
