1 0.768359 0.558984 0.027344 0.083594
1 0.606250 0.852344 0.046875 0.135938
1 0.652344 0.440625 0.023438 0.065625
1 0.829297 0.477734 0.024219 0.071094
1 0.552344 0.546484 0.029688 0.083594
1 0.550000 0.755469 0.040625 0.123438
1 0.636719 0.629688 0.032813 0.096875
1 0.630078 0.476172 0.025781 0.071094
1 0.823047 0.419922 0.021094 0.058594
1 0.730469 0.643750 0.032813 0.103125
1 0.448828 0.828516 0.047656 0.144531
1 0.396094 0.812891 0.051563 0.141406
1 0.288672 0.824609 0.055469 0.142969
1 0.191016 0.925391 0.066406 0.132031
1 0.852734 0.432813 0.021094 0.059375
1 0.526563 0.714453 0.037500 0.116406
1 0.841016 0.855469 0.044531 0.148438
1 0.744141 0.476172 0.022656 0.067969
1 0.610156 0.728906 0.035938 0.110938
1 0.830859 0.676563 0.036719 0.112500
1 0.685156 0.454297 0.023438 0.071094
1 0.723047 0.441406 0.021094 0.060938
1 0.556641 0.925781 0.050781 0.123438
1 0.466406 0.701953 0.045313 0.116406
1 0.771094 0.441406 0.020313 0.064063
1 0.582031 0.626563 0.032813 0.100000
1 0.867188 0.406641 0.018750 0.057031
1 0.775000 0.691016 0.034375 0.116406
1 0.450781 0.621094 0.032813 0.089063
1 0.714063 0.406641 0.018750 0.053906
1 0.696094 0.426172 0.020313 0.058594
1 0.757422 0.407031 0.017969 0.051563
1 0.795703 0.417188 0.019531 0.059375
1 0.378125 0.949609 0.065625 0.083594
1 0.799609 0.366406 0.014844 0.048438
1 0.853516 0.367188 0.019531 0.050000
1 0.744922 0.371875 0.014844 0.046875
1 0.355469 0.947656 0.067187 0.085938
1 0.816797 0.378125 0.017969 0.046875
2 0.278516 0.683984 0.132031 0.146094
2 0.369141 0.543359 0.078906 0.096094
2 0.634766 0.546094 0.057031 0.089063
2 0.463281 0.537109 0.079688 0.096094
2 0.598047 0.369141 0.036719 0.057031
2 0.551953 0.459375 0.050781 0.075000
2 0.649609 0.352734 0.027344 0.046094
2 0.564844 0.407813 0.042188 0.059375
