1 0.325391 0.919922 0.066406 0.146094
1 0.835547 0.715234 0.033594 0.117969
1 0.870313 0.675391 0.025000 0.091406
1 0.220703 0.935938 0.066406 0.112500
1 0.855469 0.889063 0.042188 0.159375
1 0.800391 0.520313 0.025781 0.075000
1 0.476562 0.603125 0.028125 0.084375
1 0.708203 0.546484 0.022656 0.080469
1 0.780078 0.773828 0.035156 0.132031
1 0.699219 0.827734 0.045313 0.142969
1 0.600391 0.534375 0.019531 0.053125
1 0.773828 0.601172 0.025781 0.096094
1 0.361328 0.731250 0.057031 0.140625
1 0.725391 0.614844 0.019531 0.089063
1 0.480078 0.677344 0.041406 0.114063
1 0.885547 0.759766 0.042969 0.132031
1 0.754688 0.502344 0.025000 0.073438
1 0.878125 0.516797 0.018750 0.080469
1 0.842969 0.601172 0.020313 0.080469
1 0.829688 0.575000 0.021875 0.087500
1 0.727734 0.519922 0.014844 0.067969
1 0.568750 0.632812 0.034375 0.087500
1 0.785547 0.479688 0.017969 0.062500
1 0.673438 0.506250 0.018750 0.059375
1 0.719531 0.476172 0.014063 0.055469
1 0.885547 0.433594 0.014844 0.064063
1 0.828125 0.492578 0.015625 0.069531
1 0.638281 0.446875 0.010938 0.046875
1 0.671484 0.450781 0.021094 0.060938
1 0.807031 0.451563 0.023438 0.062500
1 0.854297 0.502734 0.024219 0.067969
1 0.853125 0.560547 0.025000 0.080469
1 0.760547 0.451563 0.021094 0.065625
1 0.617188 0.480078 0.015625 0.057031
1 0.860156 0.458594 0.014063 0.048438
1 0.772656 0.519531 0.014063 0.064063
1 0.632031 0.483203 0.017188 0.057031
1 0.634375 0.541406 0.028125 0.076563
1 0.841016 0.504688 0.022656 0.062500
1 0.831250 0.453125 0.021875 0.065625
1 0.690625 0.504297 0.021875 0.071094
2 0.574609 0.728516 0.089844 0.153906
2 0.175000 0.660938 0.134375 0.137500
2 0.612109 0.599609 0.061719 0.117969
2 0.598047 0.425781 0.046094 0.060938
2 0.729297 0.425000 0.046094 0.059375
2 0.027344 0.896094 0.051563 0.176563
1 0.603125 0.495313 0.018750 0.034375
1 0.624219 0.426563 0.010938 0.046875
1 0.861719 0.424219 0.014063 0.048438
