1 0.786328 0.616016 0.028906 0.091406
1 0.813672 0.531250 0.027344 0.087500
1 0.683203 0.587500 0.025781 0.084375
1 0.712500 0.573438 0.025000 0.084375
1 0.762109 0.397266 0.017969 0.053906
1 0.795703 0.435938 0.019531 0.059375
1 0.628516 0.488281 0.025781 0.076563
1 0.721094 0.479688 0.020313 0.071875
1 0.683203 0.671484 0.035156 0.105469
1 0.869922 0.869141 0.046094 0.166406
1 0.411328 0.896875 0.050781 0.175000
1 0.825000 0.418359 0.015625 0.055469
1 0.494141 0.564063 0.028906 0.087500
1 0.422656 0.643359 0.035938 0.108594
1 0.746875 0.469141 0.021875 0.066406
1 0.497266 0.738672 0.041406 0.133594
1 0.559375 0.739063 0.040625 0.128125
1 0.486719 0.644531 0.032813 0.101562
1 0.739453 0.627344 0.032031 0.101562
1 0.872266 0.407422 0.013281 0.058594
1 0.769141 0.529687 0.022656 0.071875
1 0.669141 0.481250 0.022656 0.065625
1 0.596875 0.675000 0.037500 0.109375
1 0.756250 0.364844 0.012500 0.048438
1 0.527734 0.578125 0.027344 0.084375
1 0.783594 0.558203 0.023438 0.069531
1 0.594922 0.576953 0.030469 0.094531
1 0.541016 0.853125 0.041406 0.137500
1 0.823047 0.939844 0.052344 0.114063
1 0.738672 0.546094 0.024219 0.076563
1 0.857422 0.529297 0.027344 0.080469
1 0.574219 0.530859 0.026563 0.080469
1 0.875781 0.614453 0.023438 0.094531
1 0.855469 0.396484 0.014063 0.055469
1 0.639844 0.648828 0.032813 0.107031
1 0.887500 0.417969 0.021875 0.060938
1 0.439063 0.823438 0.050000 0.153125
1 0.103906 0.950391 0.067187 0.091406
1 0.345313 0.946484 0.059375 0.096094
1 0.780469 0.391406 0.014063 0.048438
1 0.392969 0.796484 0.032813 0.158594
1 0.532422 0.700000 0.027344 0.100000
2 0.642969 0.809375 0.092188 0.171875
2 0.439063 0.559766 0.068750 0.091406
2 0.248438 0.627344 0.100000 0.123438
2 0.595703 0.371094 0.035156 0.051563
2 0.480078 0.466797 0.053906 0.071094
2 0.620703 0.326172 0.025781 0.042969
2 0.682813 0.385938 0.031250 0.050000
2 0.555859 0.417969 0.046094 0.060938
2 0.704297 0.366016 0.024219 0.044531
2 0.668359 0.447266 0.039844 0.066406
2 0.654297 0.550781 0.052344 0.089063
2 0.655859 0.353125 0.030469 0.046875
2 0.698438 0.314063 0.025000 0.040625
3 0.120313 0.729297 0.187500 0.205469
