1 0.463672 0.754688 0.049219 0.134375
1 0.642188 0.490625 0.028125 0.075000
1 0.776563 0.521875 0.025000 0.071875
1 0.571484 0.657422 0.036719 0.105469
1 0.669141 0.605078 0.025781 0.091406
1 0.306641 0.950000 0.069531 0.100000
1 0.686719 0.533594 0.026563 0.076563
1 0.808594 0.476953 0.023438 0.066406
1 0.748047 0.441016 0.017969 0.057031
1 0.725000 0.465625 0.021875 0.065625
1 0.758594 0.575391 0.023438 0.091406
1 0.735938 0.548438 0.018750 0.075000
1 0.683594 0.686719 0.023438 0.114063
1 0.707031 0.410938 0.020313 0.053125
1 0.760547 0.490625 0.021094 0.062500
1 0.827734 0.397266 0.017969 0.053906
1 0.767578 0.447266 0.019531 0.053906
1 0.785547 0.405469 0.017969 0.048438
1 0.765234 0.382422 0.017969 0.046094
1 0.724219 0.398047 0.017188 0.046094
1 0.692969 0.476562 0.026563 0.065625
1 0.706641 0.451953 0.019531 0.057031
1 0.798047 0.399219 0.014844 0.039062
1 0.736719 0.410156 0.020313 0.048438
2 0.392188 0.591406 0.084375 0.110938
2 0.508984 0.439453 0.055469 0.082031
2 0.657031 0.367188 0.035938 0.059375
3 0.583203 0.394141 0.044531 0.078906
1 0.841797 0.471094 0.017969 0.064063
