1 0.167578 0.910156 0.066406 0.160938
1 0.362500 0.740625 0.046875 0.137500
1 0.480078 0.715234 0.041406 0.146094
1 0.771875 0.463672 0.021875 0.071094
1 0.722266 0.852344 0.041406 0.176563
1 0.876172 0.565234 0.027344 0.092969
1 0.714453 0.545312 0.022656 0.078125
1 0.629297 0.563672 0.024219 0.083594
1 0.737891 0.558984 0.019531 0.083594
1 0.758984 0.577734 0.024219 0.092969
1 0.603125 0.617969 0.031250 0.114063
1 0.525391 0.754297 0.044531 0.146094
1 0.400781 0.821484 0.051563 0.155469
1 0.653516 0.926172 0.050781 0.146094
1 0.504297 0.560937 0.024219 0.087500
1 0.787109 0.601562 0.027344 0.103125
1 0.566016 0.671094 0.038281 0.126562
1 0.675391 0.578906 0.025781 0.089063
1 0.821094 0.441016 0.020313 0.066406
1 0.571484 0.585938 0.027344 0.078125
1 0.755859 0.497656 0.021094 0.073438
1 0.764063 0.385938 0.018750 0.059375
1 0.631641 0.645313 0.032031 0.121875
1 0.860938 0.420703 0.018750 0.057031
1 0.837891 0.668359 0.035156 0.121094
1 0.736328 0.644141 0.032031 0.116406
1 0.410547 0.740625 0.039844 0.125000
1 0.846875 0.549609 0.021875 0.080469
1 0.787891 0.759375 0.044531 0.162500
1 0.865625 0.476562 0.018750 0.065625
1 0.525000 0.587500 0.028125 0.100000
1 0.803125 0.357031 0.015625 0.048438
1 0.805859 0.907031 0.042969 0.164062
1 0.829297 0.592187 0.024219 0.087500
1 0.671875 0.684766 0.031250 0.107031
1 0.712109 0.613672 0.027344 0.108594
1 0.494531 0.934375 0.060938 0.100000
1 0.460156 0.649609 0.029688 0.092969
1 0.877344 0.453125 0.017188 0.062500
1 0.814063 0.564844 0.021875 0.085938
1 0.833594 0.532031 0.020313 0.073438
1 0.252734 0.948047 0.067969 0.092969
2 0.269141 0.657422 0.113281 0.133594
2 0.563672 0.889063 0.089844 0.162500
2 0.520313 0.491016 0.059375 0.069531
2 0.643750 0.439844 0.040625 0.064063
2 0.558594 0.398828 0.035938 0.053906
2 0.028125 0.915234 0.050000 0.167969
2 0.518359 0.423438 0.036719 0.053125
2 0.680469 0.398438 0.029688 0.053125
2 0.600000 0.365625 0.028125 0.046875
2 0.596875 0.410547 0.034375 0.055469
2 0.706641 0.381250 0.022656 0.046875
2 0.701563 0.343359 0.025000 0.042969
2 0.635156 0.334766 0.023438 0.041406
3 0.400391 0.480469 0.141406 0.151563
3 0.680859 0.478516 0.046094 0.119531
3 0.603125 0.490625 0.056250 0.121875
1 0.716016 0.453125 0.016406 0.065625
