1 0.823828 0.867969 0.057031 0.160938
1 0.776563 0.448438 0.025000 0.062500
1 0.543359 0.727344 0.046094 0.123438
1 0.393359 0.773828 0.058594 0.141406
1 0.751953 0.504688 0.028906 0.078125
1 0.699609 0.453516 0.024219 0.066406
1 0.864453 0.421875 0.025781 0.059375
1 0.730078 0.476172 0.025781 0.067969
1 0.676953 0.482031 0.028906 0.076563
1 0.628125 0.698047 0.043750 0.121094
1 0.747266 0.392578 0.022656 0.053906
1 0.706250 0.730469 0.043750 0.126562
1 0.630078 0.505469 0.028906 0.076563
1 0.718750 0.425391 0.015625 0.057031
1 0.573047 0.647266 0.039844 0.103906
1 0.848047 0.466016 0.027344 0.066406
1 0.754688 0.703125 0.043750 0.128125
1 0.802344 0.591406 0.035938 0.089063
1 0.598047 0.589844 0.033594 0.089063
1 0.650000 0.557422 0.025000 0.080469
1 0.814453 0.675781 0.032031 0.110938
1 0.704688 0.603125 0.031250 0.084375
1 0.715234 0.561328 0.030469 0.078906
1 0.863281 0.550781 0.023438 0.064063
1 0.793750 0.411719 0.018750 0.051563
1 0.806250 0.440625 0.025000 0.062500
1 0.519922 0.658594 0.036719 0.101562
1 0.846094 0.520703 0.029688 0.069531
1 0.575781 0.558984 0.032813 0.083594
1 0.715625 0.672656 0.037500 0.098438
1 0.776172 0.392188 0.021094 0.053125
1 0.832422 0.379688 0.017969 0.050000
1 0.307422 0.947266 0.074219 0.103906
2 0.575781 0.396094 0.045313 0.060938
