1 0.370313 0.771875 0.053125 0.134375
1 0.425000 0.911719 0.071875 0.151563
1 0.437500 0.646094 0.031250 0.110938
1 0.792578 0.589844 0.032031 0.085938
1 0.691406 0.589063 0.029688 0.075000
1 0.483984 0.823438 0.052344 0.134375
1 0.130469 0.912109 0.079688 0.146094
1 0.645703 0.616406 0.032031 0.089063
1 0.598828 0.700781 0.041406 0.114063
1 0.530078 0.727734 0.044531 0.117969
1 0.567578 0.577734 0.028906 0.080469
1 0.767578 0.572656 0.032031 0.089063
1 0.715234 0.841406 0.046094 0.126562
1 0.798438 0.742188 0.040625 0.115625
1 0.841016 0.475391 0.025781 0.066406
1 0.691406 0.685938 0.035938 0.096875
1 0.590234 0.613672 0.030469 0.083594
1 0.654688 0.795313 0.043750 0.121875
1 0.580469 0.535156 0.026563 0.073438
1 0.736719 0.564063 0.029688 0.087500
1 0.712109 0.549219 0.024219 0.073438
1 0.662500 0.560156 0.028125 0.076563
1 0.806250 0.485156 0.018750 0.076563
1 0.808594 0.408594 0.020313 0.051563
1 0.864453 0.412109 0.022656 0.058594
1 0.753516 0.408594 0.019531 0.051563
1 0.402344 0.839453 0.048438 0.119531
1 0.691797 0.535938 0.024219 0.065625
1 0.633594 0.560547 0.020313 0.067969
1 0.887109 0.617188 0.042969 0.100000
1 0.719922 0.384766 0.021094 0.053906
1 0.837891 0.392969 0.019531 0.051563
1 0.637891 0.507812 0.025781 0.065625
1 0.790234 0.398828 0.017969 0.053906
2 0.612891 0.340234 0.032031 0.046094
2 0.582422 0.380078 0.036719 0.053906
2 0.587500 0.439453 0.046875 0.066406
2 0.738281 0.458594 0.054688 0.064063
2 0.669531 0.491016 0.051563 0.078906
2 0.638281 0.376172 0.029688 0.042969
2 0.652734 0.345313 0.030469 0.037500
