1 0.394922 0.280859 0.014844 0.067969
1 0.236719 0.559375 0.035938 0.153125
1 0.228516 0.432422 0.025781 0.108594
1 0.303906 0.405469 0.023438 0.098438
1 0.276953 0.378125 0.019531 0.090625
1 0.332813 0.322656 0.015625 0.073438
1 0.018750 0.822266 0.037500 0.169531
1 0.584766 0.226562 0.013281 0.062500
1 0.309766 0.298047 0.016406 0.071094
1 0.358594 0.290234 0.020313 0.055469
1 0.615234 0.224609 0.011719 0.058594
1 0.403516 0.207813 0.013281 0.046875
1 0.369531 0.237109 0.010938 0.042969
1 0.433984 0.211328 0.021094 0.053906
