1 0.844141 0.535938 0.053906 0.137500
1 0.915234 0.436719 0.058594 0.110938
2 0.348438 0.704297 0.146875 0.333594
1 0.080469 0.400391 0.060938 0.057031
1 0.215234 0.286719 0.049219 0.051563
1 0.266797 0.426563 0.046094 0.115625
2 0.419531 0.397656 0.057813 0.126562
1 0.338281 0.288672 0.029688 0.071094
1 0.515234 0.276172 0.042969 0.080469
2 0.444141 0.290625 0.047656 0.090625
1 0.124219 0.780469 0.051563 0.198438
1 0.363281 0.203906 0.017188 0.060938
1 0.659375 0.242969 0.018750 0.060938
1 0.551172 0.302734 0.021094 0.080469
