1 0.080469 0.478906 0.070312 0.110938
1 0.714063 0.518750 0.062500 0.103125
1 0.307813 0.352734 0.025000 0.092969
1 0.348047 0.357422 0.024219 0.096094
1 0.483984 0.410156 0.042969 0.089063
1 0.743359 0.477734 0.052344 0.092969
1 0.666406 0.310547 0.029688 0.071094
1 0.430469 0.292969 0.014063 0.064063
1 0.379297 0.301953 0.021094 0.078906
1 0.636328 0.241797 0.016406 0.067969
1 0.698828 0.287500 0.025781 0.075000
1 0.815234 0.450391 0.039844 0.082031
2 0.511328 0.174219 0.028906 0.064063
2 0.535156 0.201953 0.032813 0.066406
1 0.412500 0.307031 0.015625 0.064063
