1 0.832422 0.715625 0.049219 0.153125
1 0.775000 0.586328 0.040625 0.132031
1 0.618750 0.367188 0.025000 0.090625
1 0.798438 0.920313 0.056250 0.159375
1 0.637891 0.491406 0.028906 0.114063
1 0.321875 0.325000 0.021875 0.090625
1 0.206641 0.771875 0.041406 0.203125
1 0.689453 0.467969 0.025781 0.110938
1 0.276953 0.354688 0.038281 0.090625
1 0.672656 0.405078 0.026563 0.091406
1 0.197266 0.645703 0.038281 0.157031
1 0.017969 0.481250 0.035938 0.115625
1 0.426172 0.255078 0.017969 0.066406
1 0.797656 0.780859 0.048438 0.171094
1 0.683984 0.337109 0.021094 0.080469
1 0.698828 0.366016 0.022656 0.082031
2 0.432813 0.616797 0.087500 0.205469
2 0.183203 0.397656 0.125781 0.101562
2 0.636719 0.302734 0.042188 0.071094
2 0.462109 0.322656 0.039844 0.089063
2 0.391797 0.328906 0.046094 0.085938
3 0.394531 0.226953 0.051563 0.116406
4 0.538672 0.307813 0.061719 0.137500
4 0.394531 0.226953 0.051563 0.116406
4 0.519531 0.214844 0.042188 0.098438
4 0.457031 0.198047 0.032813 0.096094
2 0.362109 0.428906 0.067969 0.114063
