1 0.299609 0.922656 0.074219 0.139063
1 0.136328 0.824609 0.069531 0.155469
1 0.403125 0.808203 0.050000 0.144531
1 0.575000 0.741406 0.043750 0.110938
1 0.767188 0.644922 0.031250 0.096094
1 0.567578 0.634375 0.038281 0.103125
1 0.844922 0.787109 0.046094 0.142969
1 0.809766 0.516016 0.019531 0.066406
1 0.852734 0.545312 0.030469 0.087500
1 0.662891 0.496875 0.028906 0.075000
1 0.757031 0.434766 0.023438 0.057031
1 0.793750 0.475000 0.025000 0.065625
1 0.746484 0.758984 0.039844 0.121094
1 0.432031 0.949219 0.060938 0.098438
1 0.756641 0.487891 0.025781 0.069531
1 0.864063 0.397266 0.021875 0.053906
1 0.825391 0.660156 0.035156 0.101562
1 0.755859 0.575000 0.030469 0.084375
1 0.714453 0.482813 0.028906 0.075000
1 0.735547 0.381641 0.021094 0.053906
1 0.836719 0.435156 0.023438 0.060938
1 0.788672 0.571484 0.027344 0.083594
1 0.807031 0.409375 0.017188 0.050000
1 0.852344 0.460938 0.023438 0.059375
1 0.707422 0.451953 0.024219 0.057031
1 0.791797 0.425000 0.017969 0.050000
1 0.775781 0.398438 0.017188 0.050000
2 0.595703 0.867188 0.100781 0.184375
2 0.653516 0.578906 0.072656 0.110938
2 0.633203 0.385938 0.041406 0.062500
2 0.628125 0.335547 0.031250 0.046094
