1 0.703125 0.474219 0.012500 0.064063
1 0.212891 0.960156 0.053906 0.076563
2 0.497266 0.515625 0.072656 0.084375
1 0.804688 0.510547 0.018750 0.067969
1 0.677734 0.511328 0.017969 0.066406
1 0.728906 0.577734 0.032813 0.083594
1 0.619531 0.606250 0.032813 0.100000
1 0.760938 0.562500 0.018750 0.087500
1 0.855078 0.550781 0.022656 0.073438
1 0.586719 0.535156 0.026563 0.089063
1 0.534375 0.709375 0.031250 0.153125
1 0.476562 0.693750 0.034375 0.146875
1 0.653125 0.740234 0.034375 0.142969
1 0.737500 0.823438 0.040625 0.165625
1 0.495703 0.794141 0.041406 0.178906
1 0.584375 0.750000 0.037500 0.137500
1 0.647266 0.549219 0.028906 0.089063
1 0.652344 0.648438 0.029688 0.084375
1 0.715234 0.515625 0.021094 0.071875
1 0.586719 0.665234 0.032813 0.096094
2 0.647266 0.456641 0.044531 0.069531
2 0.613281 0.401563 0.039062 0.046875
1 0.857813 0.463281 0.015625 0.060938
1 0.833203 0.463281 0.016406 0.060938
1 0.872656 0.500781 0.020313 0.064063
1 0.765234 0.487109 0.014844 0.058594
1 0.784766 0.451563 0.016406 0.059375
1 0.759375 0.424609 0.015625 0.055469
1 0.799219 0.458594 0.017188 0.048438
1 0.779297 0.531250 0.014844 0.078125
2 0.709375 0.397656 0.034375 0.060938
2 0.653516 0.367188 0.032031 0.050000
3 0.604688 0.339844 0.043750 0.076563
1 0.750000 0.405859 0.012500 0.058594
1 0.879297 0.412500 0.014844 0.046875
1 0.746094 0.513672 0.017188 0.083594
