1 0.363281 0.895703 0.057813 0.144531
1 0.634766 0.755078 0.038281 0.128906
1 0.533984 0.576953 0.027344 0.094531
1 0.699219 0.727344 0.039062 0.114063
1 0.690625 0.450781 0.021875 0.064063
1 0.737109 0.435547 0.021094 0.058594
1 0.470703 0.592969 0.032031 0.101562
1 0.766797 0.462500 0.024219 0.065625
1 0.713672 0.478125 0.024219 0.065625
1 0.674609 0.503906 0.024219 0.073438
1 0.731641 0.822266 0.041406 0.132031
1 0.598438 0.723828 0.034375 0.119531
1 0.877344 0.462109 0.026563 0.067969
1 0.830469 0.465625 0.023438 0.059375
1 0.663672 0.451563 0.021094 0.062500
1 0.738281 0.628125 0.032813 0.090625
1 0.656641 0.577344 0.028906 0.085938
1 0.722266 0.422266 0.019531 0.057031
1 0.583594 0.643750 0.026563 0.096875
1 0.525391 0.532031 0.025781 0.076563
1 0.609766 0.590234 0.028906 0.092969
1 0.715625 0.392578 0.018750 0.053906
1 0.797656 0.422266 0.020313 0.057031
1 0.587891 0.560547 0.025781 0.080469
1 0.832813 0.419922 0.021875 0.055469
1 0.739453 0.395313 0.016406 0.050000
2 0.402344 0.572266 0.085938 0.103906
2 0.872656 0.602344 0.120313 0.123438
2 0.737891 0.542578 0.072656 0.091406
2 0.471875 0.481641 0.056250 0.069531
2 0.697656 0.339844 0.029688 0.051563
3 0.602344 0.375000 0.060938 0.103125
