1 0.069922 0.404688 0.052344 0.103125
1 0.206641 0.287891 0.041406 0.069531
1 0.199219 0.583984 0.051563 0.096094
1 0.187109 0.707813 0.052344 0.150000
1 0.287500 0.658594 0.053125 0.139063
1 0.282031 0.525391 0.045313 0.094531
1 0.345313 0.459766 0.034375 0.119531
1 0.309375 0.409766 0.031250 0.094531
1 0.286328 0.359375 0.028906 0.075000
1 0.328125 0.336719 0.021875 0.089063
1 0.836328 0.478516 0.050781 0.107031
1 0.646875 0.278906 0.028125 0.076563
2 0.570312 0.235938 0.040625 0.071875
1 0.508594 0.269531 0.039062 0.089063
1 0.364844 0.257422 0.026563 0.080469
1 0.079688 0.648047 0.081250 0.183594
1 0.196484 0.487891 0.033594 0.094531
1 0.332813 0.253906 0.021875 0.060938
3 0.451172 0.237500 0.055469 0.125000
1 0.367578 0.371875 0.000781 0.003125
1 0.410938 0.240625 0.015625 0.062500
