1 0.658984 0.590234 0.033594 0.096094
1 0.586328 0.569141 0.028906 0.069531
1 0.561719 0.649609 0.045313 0.105469
1 0.499609 0.725391 0.036719 0.091406
1 0.562500 0.766016 0.053125 0.116406
1 0.726953 0.789453 0.035156 0.091406
1 0.728125 0.655859 0.031250 0.080469
1 0.707813 0.434375 0.025000 0.075000
1 0.798828 0.463281 0.032031 0.064063
1 0.738672 0.408984 0.017969 0.042969
1 0.841406 0.528125 0.039062 0.078125
1 0.830859 0.417578 0.021094 0.053906
1 0.858594 0.399609 0.023438 0.055469
1 0.766406 0.431250 0.014063 0.040625
1 0.745313 0.459766 0.021875 0.066406
1 0.780078 0.411719 0.019531 0.064063
1 0.794922 0.408203 0.027344 0.066406
2 0.437109 0.487891 0.055469 0.053906
1 0.305859 0.824219 0.042969 0.085938
1 0.348828 0.911328 0.063281 0.128906
2 0.610156 0.375781 0.035938 0.076563
2 0.638281 0.379688 0.045313 0.078125
2 0.646875 0.330469 0.034375 0.048438
3 0.695703 0.341016 0.044531 0.066406
2 0.715234 0.390234 0.049219 0.067969
2 0.758984 0.514844 0.071094 0.089063
