1 0.104688 0.742188 0.103125 0.153125
1 0.174609 0.627344 0.086719 0.126562
1 0.592578 0.256250 0.016406 0.071875
1 0.739453 0.475000 0.060156 0.100000
1 0.570312 0.447266 0.059375 0.107031
1 0.260547 0.453516 0.042969 0.103906
1 0.692578 0.599219 0.063281 0.126562
1 0.338281 0.259375 0.017188 0.046875
1 0.300391 0.502734 0.035156 0.117969
1 0.103516 0.562109 0.075781 0.117969
1 0.275781 0.544141 0.042188 0.119531
1 0.504297 0.335547 0.027344 0.080469
1 0.833203 0.502344 0.063281 0.101562
1 0.395703 0.270313 0.016406 0.071875
1 0.894141 0.564063 0.057031 0.115625
1 0.071875 0.489844 0.062500 0.098438
1 0.166406 0.476562 0.064063 0.096875
1 0.792969 0.452344 0.042188 0.089063
1 0.122266 0.443359 0.057031 0.083594
2 0.299219 0.365234 0.098438 0.092969
2 0.189844 0.421484 0.104688 0.096094
1 0.145703 0.408203 0.022656 0.057031
1 0.323828 0.294141 0.013281 0.028906
