1 0.880078 0.893750 0.057031 0.175000
1 0.260547 0.534766 0.027344 0.132031
1 0.818750 0.910156 0.056250 0.164062
1 0.144141 0.643750 0.038281 0.150000
1 0.055078 0.907813 0.057031 0.171875
1 0.828906 0.726172 0.045313 0.158594
1 0.238672 0.660547 0.049219 0.155469
1 0.754688 0.589453 0.028125 0.144531
1 0.793750 0.559375 0.031250 0.125000
1 0.667188 0.392188 0.021875 0.034375
1 0.291406 0.410156 0.029688 0.101562
1 0.308984 0.315625 0.021094 0.084375
1 0.185156 0.525000 0.032813 0.128125
1 0.191016 0.896484 0.075781 0.158594
1 0.589453 0.926563 0.060156 0.140625
1 0.332813 0.435938 0.025000 0.112500
1 0.707813 0.608594 0.034375 0.148438
1 0.305469 0.575000 0.029688 0.150000
1 0.345313 0.366016 0.021875 0.094531
1 0.611328 0.369531 0.028906 0.089063
1 0.305469 0.461719 0.020313 0.114063
1 0.338672 0.296875 0.017969 0.078125
1 0.645703 0.353125 0.019531 0.087500
1 0.728906 0.516016 0.023438 0.094531
1 0.778906 0.445312 0.051563 0.075000
1 0.548047 0.271875 0.014844 0.062500
1 0.575000 0.290625 0.012500 0.059375
2 0.394141 0.267578 0.035156 0.082031
2 0.560156 0.358203 0.057813 0.107031
2 0.410938 0.633594 0.075000 0.201563
2 0.417578 0.210547 0.028906 0.058594
4 0.619141 0.552734 0.119531 0.292969
3 0.464453 0.392578 0.063281 0.157031
4 0.457031 0.257812 0.048438 0.121875
1 0.668750 0.439844 0.021875 0.051563
1 0.718359 0.471875 0.017969 0.087500
1 0.714063 0.400000 0.043750 0.087500
