1 0.319141 0.266016 0.025781 0.066406
1 0.371094 0.255469 0.020313 0.076563
1 0.394922 0.192969 0.017969 0.051563
1 0.763672 0.399609 0.027344 0.105469
1 0.656250 0.236328 0.018750 0.057031
2 0.424219 0.160547 0.029688 0.046094
2 0.469531 0.155078 0.026563 0.044531
2 0.475391 0.132812 0.016406 0.050000
2 0.596094 0.525781 0.098438 0.160938
2 0.801953 0.596875 0.141406 0.203125
2 0.532422 0.082813 0.011719 0.021875
2 0.451563 0.125391 0.021875 0.032031
4 0.548828 0.206250 0.072656 0.196875
4 0.673047 0.337109 0.071094 0.155469
3 0.615625 0.221484 0.059375 0.130469
4 0.663672 0.818750 0.217969 0.362500
4 0.917969 0.864063 0.164062 0.271875
