1 0.798047 0.532813 0.024219 0.075000
1 0.855078 0.365234 0.016406 0.046094
1 0.169141 0.868750 0.072656 0.165625
1 0.785156 0.369141 0.017188 0.044531
1 0.816016 0.671484 0.035156 0.108594
1 0.698438 0.756250 0.037500 0.112500
1 0.698047 0.934766 0.049219 0.103906
1 0.712500 0.492188 0.025000 0.071875
1 0.770703 0.435547 0.022656 0.058594
1 0.708594 0.643750 0.032813 0.096875
1 0.748047 0.365234 0.017969 0.046094
1 0.817188 0.342578 0.015625 0.044531
1 0.762891 0.896094 0.041406 0.135938
1 0.754688 0.487109 0.025000 0.071094
1 0.478516 0.718750 0.044531 0.128125
1 0.618359 0.599609 0.033594 0.096094
1 0.671094 0.549609 0.029688 0.083594
1 0.820312 0.421484 0.018750 0.058594
1 0.840625 0.328125 0.012500 0.037500
1 0.576953 0.578516 0.032031 0.094531
1 0.797266 0.334766 0.013281 0.041406
1 0.759375 0.342969 0.012500 0.035938
2 0.626953 0.334375 0.032031 0.046875
2 0.537500 0.426953 0.046875 0.066406
3 0.667969 0.291406 0.026563 0.064063
