1 0.401953 0.910547 0.063281 0.158594
1 0.535938 0.575000 0.037500 0.103125
1 0.361328 0.727734 0.047656 0.130469
1 0.683984 0.548438 0.030469 0.084375
1 0.244531 0.815625 0.057813 0.140625
1 0.837891 0.435938 0.022656 0.065625
1 0.712500 0.601562 0.034375 0.100000
1 0.494531 0.565625 0.035938 0.096875
1 0.621484 0.550781 0.030469 0.089063
1 0.791406 0.439844 0.023438 0.064063
1 0.805859 0.922266 0.061719 0.132031
1 0.856641 0.453516 0.025781 0.069531
1 0.811328 0.434375 0.022656 0.065625
1 0.532422 0.935156 0.055469 0.098438
1 0.759375 0.426953 0.025000 0.066406
1 0.859766 0.397266 0.022656 0.057031
1 0.238672 0.937109 0.058594 0.096094
1 0.777734 0.382812 0.021094 0.053125
2 0.455859 0.670313 0.083594 0.146875
2 0.713281 0.767188 0.107813 0.200000
2 0.637891 0.660156 0.075781 0.148438
2 0.698047 0.465625 0.049219 0.087500
2 0.474219 0.839453 0.107813 0.191406
2 0.380078 0.534375 0.075781 0.096875
2 0.696484 0.394141 0.039844 0.069531
2 0.603516 0.501953 0.053906 0.094531
2 0.611328 0.375391 0.032031 0.041406
1 0.814453 0.379297 0.013281 0.046094
1 0.834375 0.373047 0.012500 0.046094
