1 0.724219 0.533984 0.023438 0.083594
1 0.450391 0.897266 0.050781 0.166406
1 0.745703 0.533203 0.022656 0.078906
1 0.779297 0.464453 0.021094 0.069531
1 0.705078 0.618750 0.028906 0.103125
1 0.690625 0.521094 0.021875 0.076563
1 0.341797 0.798047 0.055469 0.158594
1 0.872656 0.453516 0.023438 0.069531
1 0.597266 0.586719 0.028906 0.098438
1 0.567578 0.564844 0.028906 0.098438
1 0.560937 0.896875 0.046875 0.171875
1 0.271875 0.921875 0.062500 0.137500
1 0.834375 0.700391 0.034375 0.119531
1 0.837500 0.535938 0.028125 0.087500
1 0.678516 0.590234 0.025781 0.096094
1 0.725391 0.467188 0.019531 0.065625
1 0.646875 0.522266 0.025000 0.082031
1 0.807422 0.459375 0.021094 0.065625
1 0.532422 0.672266 0.036719 0.119531
1 0.660938 0.550000 0.025000 0.090625
1 0.873047 0.770313 0.039844 0.137500
1 0.787500 0.742188 0.034375 0.137500
1 0.525000 0.602734 0.031250 0.092969
1 0.732813 0.715625 0.037500 0.137500
1 0.639844 0.606250 0.029688 0.100000
1 0.676172 0.441406 0.021094 0.060938
1 0.730469 0.420703 0.017188 0.053906
1 0.841406 0.856250 0.042188 0.153125
1 0.834766 0.453906 0.019531 0.064063
1 0.602344 0.510938 0.026563 0.087500
1 0.759375 0.440625 0.015625 0.059375
1 0.594531 0.813672 0.042188 0.142969
1 0.742578 0.452344 0.016406 0.060938
1 0.700781 0.426172 0.017188 0.058594
1 0.844922 0.417578 0.021094 0.057031
1 0.807813 0.408203 0.018750 0.053906
1 0.728516 0.355859 0.016406 0.046094
1 0.777344 0.422266 0.017188 0.053906
1 0.696094 0.462109 0.017188 0.058594
1 0.753516 0.396875 0.016406 0.050000
1 0.792188 0.376563 0.015625 0.050000
2 0.253906 0.629297 0.098438 0.117969
2 0.674609 0.394141 0.030469 0.053906
2 0.621094 0.715234 0.079688 0.155469
2 0.651953 0.355078 0.025781 0.041406
2 0.619531 0.334766 0.026563 0.041406
2 0.624609 0.389453 0.033594 0.057031
2 0.550000 0.438672 0.056250 0.083594
3 0.486328 0.434375 0.097656 0.103125
3 0.550000 0.438672 0.056250 0.083594
