1 0.677734 0.373438 0.042969 0.115625
1 0.389453 0.545703 0.053906 0.182031
1 0.722266 0.323047 0.032031 0.083594
1 0.767188 0.422656 0.028125 0.089063
3 0.553125 0.246875 0.087500 0.146875
1 0.304297 0.462109 0.039844 0.117969
1 0.337891 0.377734 0.041406 0.096094
1 0.362109 0.333203 0.021094 0.069531
1 0.407422 0.333984 0.039844 0.092969
1 0.278516 0.396484 0.025781 0.105469
1 0.260937 0.346094 0.025000 0.073438
1 0.209766 0.658984 0.044531 0.183594
1 0.108203 0.583203 0.082031 0.178906
1 0.086719 0.407813 0.067187 0.084375
1 0.042188 0.709375 0.062500 0.184375
1 0.310938 0.561328 0.040625 0.132031
1 0.346094 0.287891 0.020313 0.069531
1 0.377734 0.212109 0.017969 0.058594
1 0.411719 0.271484 0.020313 0.071094
1 0.656250 0.225000 0.015625 0.059375
