1 0.269141 0.853906 0.050781 0.139063
1 0.502344 0.697656 0.035938 0.123438
1 0.605469 0.644922 0.032813 0.105469
1 0.580469 0.545703 0.026563 0.078906
1 0.629297 0.571875 0.030469 0.087500
1 0.862109 0.507812 0.027344 0.071875
1 0.815234 0.489453 0.024219 0.066406
1 0.713672 0.516406 0.027344 0.073438
1 0.660938 0.461328 0.025000 0.066406
1 0.760156 0.559375 0.026563 0.071875
1 0.704297 0.464453 0.021094 0.057031
1 0.798047 0.450000 0.017969 0.053125
1 0.739063 0.480469 0.021875 0.064063
1 0.729688 0.439063 0.018750 0.053125
1 0.822266 0.434766 0.019531 0.053906
1 0.602344 0.515234 0.023438 0.067969
1 0.704688 0.408594 0.018750 0.051563
1 0.754297 0.447266 0.017969 0.053906
1 0.753125 0.392188 0.018750 0.050000
1 0.840234 0.417578 0.021094 0.053906
1 0.770313 0.502344 0.025000 0.064063
1 0.728516 0.381250 0.016406 0.040625
1 0.783203 0.409766 0.019531 0.053906
1 0.721094 0.407031 0.017188 0.048438
1 0.852344 0.377734 0.014063 0.042969
1 0.805078 0.404297 0.013281 0.046094
2 0.825391 0.634375 0.200781 0.153125
2 0.407813 0.518750 0.075000 0.084375
2 0.588672 0.406250 0.039844 0.059375
2 0.535938 0.472656 0.059375 0.073438
2 0.629688 0.380078 0.037500 0.053906
2 0.673828 0.349609 0.028906 0.046094
2 0.688672 0.385156 0.033594 0.051563
2 0.605469 0.362891 0.026563 0.041406
2 0.627734 0.325000 0.024219 0.037500
