2 0.349219 0.801563 0.179688 0.387500
2 0.628516 0.800000 0.172656 0.325000
2 0.762500 0.562109 0.143750 0.230469
2 0.583594 0.528906 0.095313 0.185938
2 0.581250 0.525000 0.090625 0.178125
4 0.566406 0.345703 0.073438 0.178906
2 0.666797 0.371484 0.077344 0.155469
1 0.746484 0.367578 0.030469 0.119531
1 0.080078 0.409375 0.075781 0.103125
1 0.205078 0.290234 0.047656 0.042969
1 0.282422 0.336719 0.033594 0.073438
1 0.359375 0.254688 0.021875 0.062500
1 0.621484 0.228125 0.014844 0.065625
1 0.651563 0.274219 0.025000 0.060938
1 0.685547 0.282813 0.014844 0.050000
1 0.892188 0.612891 0.040625 0.144531
1 0.418750 0.243359 0.018750 0.058594
1 0.355469 0.208984 0.014063 0.046094
