1 0.728516 0.689453 0.038281 0.166406
1 0.036328 0.573438 0.066406 0.128125
1 0.862109 0.717578 0.039844 0.166406
1 0.597656 0.298438 0.014063 0.078125
1 0.385156 0.753125 0.042188 0.162500
1 0.711719 0.450000 0.029688 0.103125
1 0.126172 0.394141 0.052344 0.091406
1 0.299609 0.410156 0.021094 0.101562
1 0.777344 0.630859 0.039062 0.158594
1 0.448047 0.440625 0.024219 0.112500
1 0.670313 0.450000 0.021875 0.112500
1 0.071484 0.822266 0.061719 0.203906
1 0.220313 0.371484 0.040625 0.092969
1 0.633594 0.378516 0.023438 0.094531
1 0.065234 0.914062 0.061719 0.171875
1 0.698438 0.342969 0.025000 0.089063
1 0.622266 0.271875 0.016406 0.065625
1 0.666797 0.379297 0.021094 0.083594
1 0.332422 0.369141 0.017969 0.082031
1 0.668359 0.301563 0.021094 0.075000
1 0.562109 0.201172 0.014844 0.058594
1 0.589453 0.253906 0.016406 0.060938
1 0.418359 0.355859 0.024219 0.083594
4 0.260547 0.491406 0.130469 0.126562
2 0.362109 0.619141 0.121094 0.153906
2 0.513281 0.321094 0.085938 0.085938
2 0.425000 0.278906 0.043750 0.089063
2 0.377734 0.421484 0.058594 0.155469
2 0.549219 0.920703 0.132812 0.132031
4 0.377734 0.412891 0.061719 0.144531
4 0.464844 0.226562 0.035938 0.109375
