1 0.325391 0.756250 0.050781 0.121875
1 0.557031 0.687891 0.039062 0.119531
1 0.861719 0.558984 0.029688 0.083594
1 0.470313 0.727344 0.040625 0.123438
1 0.675000 0.825781 0.046875 0.126562
1 0.754688 0.617188 0.031250 0.096875
1 0.697656 0.550781 0.026563 0.073438
1 0.684375 0.603125 0.028125 0.084375
1 0.618750 0.662500 0.037500 0.109375
1 0.642188 0.558984 0.028125 0.083594
1 0.576172 0.533594 0.027344 0.085938
1 0.597656 0.536328 0.026563 0.082031
1 0.810938 0.385547 0.015625 0.046094
1 0.729297 0.592578 0.027344 0.082031
1 0.826953 0.519141 0.028906 0.078906
1 0.753125 0.364063 0.012500 0.050000
1 0.794922 0.564063 0.030469 0.087500
1 0.528906 0.675391 0.035938 0.116406
1 0.848047 0.641016 0.036719 0.103906
1 0.862891 0.394141 0.013281 0.057031
1 0.826953 0.379297 0.019531 0.058594
1 0.438281 0.648047 0.035938 0.108594
1 0.630859 0.528516 0.017969 0.057031
1 0.662500 0.592187 0.025000 0.078125
1 0.490234 0.659375 0.033594 0.103125
1 0.851562 0.377734 0.015625 0.055469
1 0.711719 0.619141 0.023438 0.078906
1 0.604688 0.626563 0.021875 0.100000
2 0.284766 0.894531 0.135156 0.173438
2 0.446094 0.562500 0.073438 0.096875
2 0.683984 0.712500 0.077344 0.137500
2 0.666797 0.494141 0.046094 0.066406
2 0.629688 0.448047 0.043750 0.071094
2 0.049219 0.767188 0.095313 0.150000
2 0.716797 0.421875 0.033594 0.062500
2 0.659766 0.361328 0.028906 0.041406
3 0.614844 0.357813 0.029688 0.059375
2 0.635938 0.396875 0.031250 0.046875
