1 0.447656 0.908984 0.051563 0.155469
1 0.595703 0.868750 0.047656 0.146875
1 0.837109 0.421875 0.021094 0.053125
1 0.682422 0.768750 0.046094 0.128125
1 0.863672 0.410547 0.021094 0.058594
1 0.814844 0.382031 0.020313 0.051563
1 0.854688 0.503906 0.028125 0.073438
1 0.733984 0.519531 0.027344 0.073438
1 0.768359 0.479297 0.024219 0.067969
1 0.700000 0.531641 0.028125 0.078906
1 0.793359 0.475000 0.024219 0.065625
1 0.823438 0.489453 0.025000 0.066406
1 0.844922 0.392188 0.017969 0.046875
1 0.643359 0.503516 0.030469 0.069531
1 0.645313 0.603125 0.043750 0.103125
1 0.744922 0.363281 0.021094 0.048438
1 0.783984 0.371094 0.017969 0.048438
2 0.309766 0.669922 0.119531 0.130469
2 0.285547 0.601172 0.105469 0.105469
2 0.840234 0.617578 0.177344 0.157031
2 0.705859 0.410156 0.042969 0.064063
2 0.728906 0.458984 0.048438 0.071094
