1 0.582813 0.496484 0.056250 0.117969
1 0.473438 0.481250 0.025000 0.121875
1 0.425000 0.475391 0.040625 0.107031
1 0.449609 0.398828 0.021094 0.094531
1 0.275391 0.352734 0.028906 0.080469
1 0.606641 0.281641 0.016406 0.069531
1 0.324219 0.377734 0.020313 0.096094
1 0.372656 0.269141 0.017188 0.069531
1 0.395703 0.266016 0.016406 0.069531
1 0.512891 0.333984 0.041406 0.071094
1 0.306641 0.326953 0.019531 0.078906
1 0.240625 0.560547 0.034375 0.108594
1 0.490625 0.296484 0.009375 0.055469
1 0.770313 0.434375 0.056250 0.084375
1 0.354688 0.324219 0.012500 0.048438
2 0.371875 0.392188 0.056250 0.125000
2 0.636719 0.397656 0.070312 0.101562
2 0.564453 0.285938 0.041406 0.071875
2 0.348438 0.575391 0.071875 0.178906
3 0.154688 0.796094 0.309375 0.407813
4 0.518359 0.201172 0.039844 0.092969
4 0.446094 0.253125 0.051563 0.121875
4 0.759766 0.612109 0.182031 0.321094
2 0.581641 0.897266 0.188281 0.203906
1 0.173047 0.581641 0.039844 0.053906
1 0.329688 0.325781 0.018750 0.035938
1 0.323438 0.286328 0.015625 0.044531
