2 0.686719 0.796094 0.185938 0.339063
3 0.684375 0.384375 0.171875 0.296875
3 0.604688 0.201563 0.071875 0.109375
1 0.295313 0.637891 0.043750 0.169531
1 0.244531 0.636328 0.054688 0.116406
1 0.123828 0.655078 0.053906 0.157031
1 0.245313 0.545703 0.056250 0.107031
1 0.285547 0.425000 0.030469 0.115625
1 0.322266 0.465625 0.025781 0.109375
1 0.337500 0.410938 0.021875 0.078125
1 0.238281 0.408203 0.039062 0.082031
1 0.105859 0.352734 0.049219 0.080469
1 0.078125 0.406641 0.043750 0.094531
1 0.302344 0.346484 0.029688 0.083594
1 0.330859 0.323438 0.024219 0.090625
2 0.446094 0.294922 0.045313 0.080469
1 0.381250 0.317188 0.021875 0.078125
1 0.364063 0.294141 0.015625 0.069531
1 0.401563 0.301953 0.021875 0.091406
1 0.510938 0.240625 0.021875 0.078125
