1 0.871875 0.395703 0.015625 0.044531
1 0.728125 0.408984 0.015625 0.046094
1 0.744922 0.425000 0.017969 0.053125
1 0.355078 0.726562 0.057031 0.125000
1 0.830859 0.466797 0.021094 0.058594
1 0.799219 0.377734 0.014063 0.042969
1 0.853125 0.353125 0.012500 0.037500
1 0.511328 0.934375 0.053906 0.103125
1 0.478906 0.744922 0.045313 0.117969
1 0.816016 0.363281 0.013281 0.039062
1 0.839063 0.363281 0.012500 0.035938
1 0.643750 0.533984 0.031250 0.080469
1 0.775000 0.644922 0.034375 0.096094
1 0.783203 0.366797 0.013281 0.042969
1 0.573828 0.633203 0.035156 0.107031
1 0.633594 0.674219 0.032813 0.101562
1 0.712500 0.423828 0.018750 0.057031
1 0.759375 0.341406 0.012500 0.039062
2 0.068359 0.728125 0.136719 0.153125
2 0.550000 0.416797 0.050000 0.071094
2 0.665234 0.312891 0.024219 0.041406
2 0.715234 0.333203 0.027344 0.044531
2 0.634375 0.310938 0.028125 0.040625
3 0.478516 0.446484 0.094531 0.121094
