1 0.819531 0.485938 0.020313 0.062500
1 0.841797 0.451953 0.011719 0.057031
1 0.776953 0.475781 0.016406 0.060938
1 0.755469 0.466797 0.014063 0.067969
1 0.719922 0.440625 0.014844 0.053125
1 0.725781 0.390234 0.010938 0.042969
1 0.803125 0.453125 0.015625 0.062500
1 0.846094 0.385938 0.014063 0.050000
1 0.802344 0.392969 0.014063 0.048438
1 0.790234 0.406250 0.011719 0.050000
1 0.776563 0.416406 0.012500 0.051563
1 0.760938 0.416797 0.015625 0.046094
1 0.762500 0.364844 0.012500 0.039062
1 0.751172 0.343750 0.008594 0.040625
1 0.789453 0.357422 0.013281 0.033594
1 0.813672 0.366797 0.014844 0.046094
2 0.292187 0.590625 0.118750 0.115625
2 0.594531 0.384766 0.035938 0.057031
2 0.632422 0.316797 0.021094 0.030469
