1 0.738281 0.520703 0.029688 0.082031
1 0.754688 0.453125 0.025000 0.065625
1 0.580859 0.689063 0.042969 0.121875
1 0.846875 0.754297 0.046875 0.133594
1 0.541797 0.675781 0.042969 0.123438
1 0.676563 0.683984 0.037500 0.108594
1 0.623047 0.503125 0.021094 0.071875
1 0.781641 0.590625 0.025781 0.090625
1 0.794141 0.450000 0.022656 0.062500
1 0.661328 0.466016 0.025781 0.069531
1 0.802344 0.562500 0.026563 0.075000
1 0.854297 0.585938 0.036719 0.100000
1 0.700000 0.446484 0.025000 0.067969
1 0.675000 0.479688 0.028125 0.071875
1 0.724219 0.453516 0.023438 0.066406
1 0.611328 0.483594 0.019531 0.073438
1 0.883984 0.934375 0.055469 0.100000
1 0.705078 0.646875 0.038281 0.112500
1 0.834375 0.465234 0.021875 0.058594
1 0.798047 0.634375 0.036719 0.103125
1 0.774219 0.491406 0.026563 0.076563
1 0.844922 0.504688 0.027344 0.071875
1 0.815625 0.441406 0.021875 0.060938
1 0.786328 0.382031 0.019531 0.051563
1 0.814063 0.516797 0.025000 0.067969
1 0.845313 0.423047 0.021875 0.055469
1 0.866016 0.394922 0.022656 0.058594
2 0.518359 0.897656 0.111719 0.176563
2 0.074219 0.741797 0.126562 0.155469
2 0.643750 0.577734 0.068750 0.117969
2 0.520703 0.616406 0.069531 0.126562
2 0.475781 0.530859 0.067187 0.080469
2 0.739844 0.408203 0.039062 0.057031
2 0.657422 0.405078 0.039844 0.066406
3 0.300000 0.783594 0.206250 0.432813
