1 0.286328 0.342188 0.019531 0.090625
1 0.213281 0.561719 0.026563 0.126562
1 0.151563 0.672266 0.034375 0.153906
1 0.610938 0.341016 0.021875 0.094531
1 0.206641 0.378125 0.044531 0.087500
1 0.668359 0.300391 0.021094 0.078906
1 0.212109 0.466406 0.027344 0.101562
1 0.590234 0.258203 0.014844 0.069531
1 0.804688 0.565625 0.031250 0.128125
1 0.415625 0.383984 0.025000 0.092969
1 0.198047 0.701563 0.033594 0.159375
1 0.313672 0.367578 0.024219 0.091406
1 0.144922 0.562500 0.033594 0.125000
1 0.666797 0.464453 0.049219 0.094531
2 0.402734 0.902734 0.127344 0.192969
2 0.698047 0.546484 0.083594 0.155469
2 0.356641 0.426953 0.053906 0.107031
2 0.371094 0.327734 0.039062 0.092969
2 0.548438 0.433594 0.062500 0.126562
2 0.407813 0.282031 0.037500 0.076563
2 0.447266 0.477734 0.063281 0.167969
2 0.276562 0.690234 0.118750 0.271094
2 0.455078 0.212891 0.028906 0.069531
4 0.450781 0.337500 0.051563 0.146875
1 0.315234 0.301172 0.017969 0.058594
1 0.246875 0.563672 0.025000 0.108594
