4 0.192969 0.444531 0.114063 0.248438
2 0.350000 0.403125 0.062500 0.125000
4 0.586328 0.570703 0.157031 0.378906
2 0.779297 0.702344 0.164844 0.239063
1 0.766016 0.402344 0.022656 0.085938
1 0.974609 0.680078 0.049219 0.128906
1 0.724219 0.370313 0.020313 0.071875
1 0.708594 0.324219 0.017188 0.060938
4 0.613672 0.312109 0.052344 0.117969
3 0.571484 0.271094 0.055469 0.098438
4 0.588672 0.213281 0.061719 0.076563
4 0.680859 0.210938 0.049219 0.059375
2 0.675000 0.257031 0.046875 0.048438
2 0.382422 0.228125 0.055469 0.037500
1 0.496484 0.235156 0.027344 0.035938
1 0.102344 0.191016 0.014063 0.028906
