1 0.128516 0.518359 0.041406 0.130469
1 0.557031 0.267188 0.020313 0.071875
1 0.237109 0.364844 0.027344 0.085938
1 0.737500 0.433984 0.031250 0.105469
1 0.651953 0.227344 0.016406 0.060938
1 0.377734 0.215234 0.017969 0.058594
1 0.346094 0.265234 0.020313 0.067969
1 0.613281 0.210938 0.014063 0.050000
1 0.497266 0.237891 0.016406 0.057031
1 0.629688 0.227734 0.015625 0.055469
1 0.300391 0.252734 0.019531 0.055469
1 0.348438 0.212500 0.018750 0.059375
1 0.286719 0.254688 0.020313 0.050000
1 0.628906 0.185547 0.014063 0.046094
1 0.533203 0.198438 0.019531 0.053125
2 0.573047 0.196484 0.030469 0.055469
4 0.404688 0.337500 0.112500 0.321875
