1 0.823047 0.506250 0.033594 0.115625
1 0.140234 0.292969 0.014844 0.051563
1 0.742969 0.246094 0.014063 0.035938
1 0.334766 0.221094 0.022656 0.039062
1 0.379688 0.223828 0.028125 0.044531
1 0.427344 0.223828 0.020313 0.044531
1 0.471875 0.238672 0.028125 0.033594
1 0.318750 0.214063 0.018750 0.037500
2 0.279297 0.253516 0.042969 0.066406
4 0.565234 0.419531 0.139844 0.310938
4 0.683594 0.460156 0.101562 0.198438
4 0.241016 0.279297 0.057031 0.092969
4 0.537891 0.203125 0.088281 0.065625
4 0.694922 0.194141 0.136719 0.078906
4 0.650000 0.244531 0.043750 0.076563
3 0.226172 0.194922 0.083594 0.058594
