1 0.794141 0.573438 0.066406 0.112500
1 0.095703 0.504688 0.066406 0.109375
1 0.650781 0.548828 0.073438 0.128906
1 0.478516 0.356250 0.019531 0.096875
1 0.612500 0.328516 0.021875 0.094531
1 0.868750 0.480078 0.059375 0.107031
1 0.536328 0.356641 0.022656 0.094531
1 0.447266 0.353125 0.022656 0.090625
1 0.529687 0.297656 0.018750 0.073438
1 0.307031 0.337500 0.023438 0.087500
1 0.396875 0.397266 0.040625 0.103906
1 0.650781 0.948438 0.070312 0.103125
1 0.337109 0.312891 0.021094 0.082031
1 0.375781 0.365625 0.032813 0.087500
1 0.426953 0.326953 0.019531 0.078906
1 0.355859 0.326953 0.024219 0.082031
2 0.394141 0.298047 0.041406 0.080469
2 0.729688 0.533203 0.134375 0.107031
1 0.477344 0.289062 0.014063 0.053125
