1 0.184375 0.256250 0.012500 0.053125
1 0.244531 0.205469 0.017188 0.048438
1 0.281641 0.202344 0.019531 0.051563
1 0.332813 0.215625 0.021875 0.034375
2 0.402734 0.222656 0.061719 0.048438
1 0.485156 0.239063 0.023438 0.037500
2 0.536328 0.446484 0.069531 0.133594
3 0.728125 0.580469 0.146875 0.248438
2 0.627344 0.828125 0.157813 0.287500
2 0.605469 0.299609 0.039062 0.071094
2 0.522266 0.296875 0.038281 0.071875
4 0.500000 0.207813 0.084375 0.071875
4 0.590234 0.240625 0.055469 0.071875
3 0.715234 0.247656 0.049219 0.060938
1 0.791016 0.411328 0.025781 0.091406
4 0.644531 0.201563 0.107813 0.096875
