1 0.682422 0.393750 0.027344 0.100000
1 0.406641 0.480469 0.028906 0.126562
1 0.285156 0.493750 0.026563 0.125000
1 0.144531 0.379688 0.051563 0.090625
1 0.376953 0.573828 0.028906 0.144531
1 0.347266 0.339063 0.019531 0.087500
1 0.121875 0.448438 0.037500 0.096875
1 0.355078 0.517969 0.032031 0.126562
1 0.299609 0.412500 0.027344 0.109375
1 0.604688 0.244922 0.015625 0.055469
1 0.348047 0.407813 0.017969 0.109375
1 0.283203 0.348047 0.032031 0.080469
1 0.091016 0.490234 0.044531 0.105469
1 0.028516 0.492578 0.041406 0.128906
1 0.494922 0.271484 0.017969 0.058594
2 0.501953 0.352734 0.100781 0.108594
2 0.423047 0.328125 0.052344 0.075000
3 0.230469 0.610547 0.135938 0.192969
2 0.553125 0.311719 0.046875 0.076563
4 0.516016 0.203125 0.035156 0.078125
4 0.424219 0.153125 0.035938 0.087500
4 0.456641 0.256250 0.035156 0.071875
4 0.764844 0.782813 0.239063 0.434375
