1 0.710938 0.423047 0.043750 0.108594
1 0.250000 0.573438 0.050000 0.171875
1 0.216016 0.535156 0.035156 0.123438
1 0.164844 0.514062 0.039062 0.146875
1 0.107422 0.608984 0.042969 0.155469
1 0.079688 0.388672 0.062500 0.071094
1 0.247656 0.361719 0.035938 0.076563
1 0.212500 0.442188 0.037500 0.103125
1 0.274609 0.468750 0.036719 0.096875
1 0.330469 0.353516 0.032813 0.078906
1 0.301563 0.324219 0.028125 0.076563
3 0.441406 0.266016 0.079688 0.178906
2 0.232813 0.833203 0.175000 0.332031
1 0.374219 0.295313 0.026563 0.078125
1 0.348438 0.306250 0.025000 0.059375
1 0.324219 0.272266 0.020313 0.057031
1 0.646875 0.289062 0.025000 0.071875
1 0.626563 0.256250 0.018750 0.046875
