1 0.681250 0.334375 0.021875 0.084375
1 0.697266 0.304297 0.032031 0.067969
1 0.748438 0.351172 0.025000 0.083594
2 0.552344 0.321094 0.051563 0.101562
2 0.686719 0.842969 0.173438 0.301563
1 0.242969 0.416016 0.035938 0.107031
1 0.343359 0.312500 0.021094 0.071875
1 0.354688 0.241406 0.021875 0.064063
1 0.079688 0.405859 0.059375 0.067969
1 0.210547 0.278125 0.049219 0.040625
1 0.089453 0.664062 0.047656 0.137500
1 0.204688 0.515625 0.043750 0.112500
1 0.394531 0.225391 0.020313 0.069531
1 0.646094 0.239453 0.029688 0.069531
1 0.587891 0.228516 0.022656 0.066406
1 0.610547 0.238672 0.021094 0.058594
1 0.379688 0.218359 0.015625 0.058594
