1 0.500391 0.585938 0.047656 0.100000
1 0.561328 0.530859 0.038281 0.108594
1 0.682813 0.559766 0.031250 0.116406
1 0.710547 0.561719 0.033594 0.089063
1 0.774219 0.541797 0.029688 0.108594
1 0.804297 0.589063 0.030469 0.090625
1 0.806250 0.519141 0.018750 0.057031
1 0.856641 0.559375 0.032031 0.100000
1 0.867188 0.518359 0.028125 0.058594
1 0.892578 0.463672 0.028906 0.071094
1 0.827734 0.454297 0.027344 0.092969
1 0.793750 0.408203 0.018750 0.053906
1 0.775391 0.371484 0.019531 0.058594
1 0.834375 0.416016 0.031250 0.078906
1 0.651172 0.742188 0.030469 0.125000
1 0.666797 0.795703 0.039844 0.141406
1 0.695312 0.875391 0.075000 0.203906
1 0.526953 0.894531 0.057031 0.151563
1 0.132812 0.945703 0.090625 0.107031
3 0.203125 0.623047 0.187500 0.180469
3 0.636719 0.612109 0.117188 0.317969
2 0.691016 0.397656 0.044531 0.051563
2 0.723828 0.460156 0.057031 0.098438
2 0.558594 0.397266 0.039062 0.057031
2 0.565625 0.457422 0.053125 0.083594
