1 0.633984 0.768750 0.039844 0.121875
1 0.760547 0.476562 0.027344 0.075000
1 0.505469 0.712109 0.045313 0.121094
1 0.792578 0.519141 0.028906 0.082031
1 0.808594 0.671094 0.042188 0.110938
1 0.689844 0.408984 0.023438 0.058594
1 0.706250 0.395703 0.021875 0.053906
1 0.746484 0.420313 0.024219 0.059375
1 0.629688 0.505859 0.031250 0.080469
1 0.727734 0.765234 0.042969 0.117969
1 0.734766 0.495703 0.022656 0.078906
1 0.824219 0.459766 0.026563 0.069531
1 0.689063 0.543750 0.034375 0.084375
1 0.835547 0.522266 0.030469 0.078906
1 0.860938 0.396094 0.021875 0.060938
1 0.689453 0.491016 0.025781 0.066406
1 0.792188 0.478125 0.025000 0.062500
1 0.840625 0.410547 0.021875 0.058594
1 0.730469 0.392578 0.020313 0.053906
2 0.485938 0.878906 0.112500 0.210938
1 0.816406 0.409766 0.020313 0.053906
2 0.519531 0.435547 0.060938 0.080469
2 0.418750 0.507812 0.081250 0.103125
2 0.597266 0.432031 0.050781 0.076563
2 0.610156 0.352344 0.032813 0.051563
2 0.653125 0.463281 0.050000 0.073438
2 0.594922 0.379297 0.036719 0.055469
2 0.660938 0.657813 0.081250 0.153125
2 0.659375 0.346484 0.034375 0.055469
