1 0.701563 0.880859 0.053125 0.133594
1 0.554297 0.768359 0.055469 0.108594
1 0.514453 0.699609 0.053906 0.105469
1 0.390625 0.775000 0.062500 0.100000
1 0.453516 0.885156 0.063281 0.126562
1 0.616406 0.702344 0.045313 0.126562
1 0.686328 0.709766 0.032031 0.144531
1 0.737500 0.668359 0.034375 0.121094
1 0.777734 0.641797 0.039844 0.105469
1 0.804688 0.535547 0.034375 0.067969
1 0.742578 0.545703 0.028906 0.069531
1 0.586719 0.496094 0.020313 0.064063
1 0.610156 0.515625 0.020313 0.075000
1 0.639063 0.527734 0.025000 0.071094
1 0.666406 0.536328 0.029688 0.082031
1 0.761328 0.429688 0.016406 0.053125
1 0.748438 0.408594 0.012500 0.048438
1 0.728906 0.437500 0.020313 0.046875
1 0.697656 0.432813 0.023438 0.053125
1 0.622266 0.448047 0.016406 0.042969
1 0.774609 0.404688 0.017969 0.046875
1 0.790625 0.428516 0.018750 0.066406
1 0.808203 0.407813 0.025781 0.062500
1 0.834375 0.440625 0.028125 0.065625
1 0.842188 0.405469 0.012500 0.026563
2 0.173438 0.664844 0.134375 0.135938
2 0.498438 0.477344 0.062500 0.076563
2 0.528125 0.418359 0.050000 0.055469
2 0.576562 0.391797 0.021875 0.042969
2 0.603906 0.414453 0.035938 0.066406
2 0.638672 0.346094 0.033594 0.060938
2 0.678516 0.357031 0.032031 0.039062
2 0.702344 0.345703 0.026563 0.044531
2 0.678516 0.393750 0.022656 0.046875
2 0.715625 0.405859 0.028125 0.042969
2 0.510156 0.596875 0.092188 0.112500
2 0.661328 0.329688 0.022656 0.053125
2 0.671094 0.292187 0.023438 0.028125
2 0.656250 0.460156 0.040625 0.060938
1 0.713672 0.532813 0.021094 0.071875
2 0.718359 0.492188 0.042969 0.062500
