1 0.694141 0.452734 0.022656 0.067969
1 0.800000 0.452344 0.021875 0.060938
1 0.837891 0.450000 0.022656 0.059375
1 0.348828 0.767188 0.053906 0.140625
1 0.745313 0.383203 0.015625 0.053906
1 0.868359 0.451563 0.024219 0.059375
1 0.669141 0.591016 0.035156 0.094531
1 0.650781 0.492578 0.023438 0.066406
1 0.783203 0.433984 0.019531 0.055469
1 0.750391 0.492188 0.022656 0.065625
1 0.520703 0.663281 0.038281 0.110938
1 0.610156 0.619922 0.039062 0.105469
1 0.770313 0.522656 0.025000 0.073438
1 0.871094 0.557031 0.032813 0.085938
1 0.870703 0.384766 0.016406 0.053906
1 0.859766 0.494922 0.022656 0.067969
1 0.651172 0.562500 0.024219 0.078125
1 0.717969 0.496875 0.026563 0.078125
1 0.749609 0.439063 0.021094 0.053125
1 0.722266 0.453906 0.019531 0.051563
1 0.771875 0.387500 0.015625 0.046875
1 0.841797 0.392969 0.017969 0.051563
1 0.754297 0.350391 0.014844 0.041406
1 0.783984 0.409766 0.014844 0.044531
1 0.801172 0.391406 0.017969 0.048438
2 0.589063 0.441016 0.046875 0.069531
2 0.697656 0.337891 0.026563 0.044531
3 0.597266 0.354688 0.050781 0.087500
1 0.827344 0.384375 0.010938 0.053125
