1 0.198438 0.926563 0.071875 0.146875
1 0.272656 0.933594 0.060938 0.132812
1 0.387891 0.910938 0.050781 0.178125
1 0.441797 0.932813 0.055469 0.134375
1 0.793359 0.928516 0.049219 0.141406
1 0.854297 0.915625 0.042969 0.159375
1 0.789062 0.689844 0.037500 0.123438
1 0.844922 0.661719 0.030469 0.110938
1 0.858203 0.589844 0.025781 0.089063
1 0.727734 0.648438 0.030469 0.112500
1 0.758984 0.621094 0.030469 0.101562
1 0.635938 0.600391 0.031250 0.094531
1 0.599219 0.598438 0.026563 0.100000
1 0.555469 0.616406 0.023438 0.101562
1 0.707422 0.553125 0.021094 0.090625
1 0.740625 0.548438 0.021875 0.075000
1 0.766797 0.534375 0.024219 0.071875
1 0.810938 0.558203 0.021875 0.078906
1 0.793750 0.510547 0.018750 0.067969
1 0.737500 0.386719 0.015625 0.048438
1 0.782813 0.392188 0.018750 0.053125
1 0.812500 0.395313 0.015625 0.053125
1 0.835547 0.409766 0.017969 0.053906
2 0.096875 0.792969 0.178125 0.160938
2 0.535938 0.766406 0.090625 0.148438
2 0.637109 0.542188 0.058594 0.103125
2 0.698438 0.486719 0.046875 0.060938
2 0.657422 0.433594 0.042969 0.060938
2 0.533984 0.467969 0.049219 0.060938
2 0.551172 0.418359 0.042969 0.042969
2 0.660938 0.344141 0.028125 0.044531
2 0.680859 0.312109 0.021094 0.033594
2 0.634766 0.315234 0.019531 0.030469
