1 0.808594 0.768359 0.045313 0.121094
1 0.565625 0.809375 0.040625 0.128125
1 0.689453 0.546875 0.028906 0.078125
1 0.776563 0.520313 0.028125 0.075000
1 0.589063 0.671875 0.037500 0.100000
1 0.697656 0.423047 0.023438 0.058594
1 0.807031 0.439063 0.023438 0.059375
1 0.440234 0.642578 0.042969 0.107031
1 0.714063 0.434766 0.021875 0.057031
1 0.748047 0.504688 0.021094 0.075000
1 0.520703 0.743359 0.041406 0.117969
1 0.846875 0.534375 0.034375 0.084375
1 0.486328 0.670703 0.038281 0.103906
1 0.816016 0.587500 0.035156 0.087500
1 0.751172 0.409766 0.021094 0.057031
1 0.823438 0.687891 0.034375 0.078906
1 0.855078 0.397266 0.022656 0.057031
1 0.731641 0.386719 0.019531 0.051563
1 0.786328 0.418750 0.022656 0.059375
1 0.770313 0.408984 0.018750 0.055469
1 0.844922 0.479688 0.027344 0.065625
2 0.183984 0.726562 0.152344 0.146875
2 0.638281 0.628516 0.079688 0.116406
2 0.575391 0.390234 0.047656 0.067969
2 0.537500 0.586719 0.065625 0.098438
2 0.637109 0.464453 0.055469 0.094531
2 0.517578 0.458984 0.060156 0.080469
2 0.660156 0.908984 0.123438 0.146094
2 0.618750 0.348047 0.034375 0.058594
1 0.734766 0.469141 0.016406 0.069531
2 0.678125 0.366406 0.031250 0.039062
