2 0.390625 0.573438 0.096875 0.203125
2 0.760938 0.618750 0.140625 0.203125
1 0.766016 0.454688 0.028906 0.103125
1 0.728516 0.364063 0.032031 0.087500
1 0.601562 0.327734 0.021875 0.067969
2 0.582031 0.298438 0.051563 0.075000
2 0.609766 0.246094 0.047656 0.064063
1 0.068750 0.396875 0.056250 0.075000
1 0.312891 0.416016 0.025781 0.082031
1 0.290234 0.396484 0.024219 0.083594
1 0.339453 0.291016 0.019531 0.069531
1 0.296094 0.318359 0.020313 0.058594
1 0.951172 0.859375 0.096094 0.278125
1 0.378125 0.262500 0.015625 0.065625
1 0.415234 0.257812 0.017969 0.059375
1 0.342578 0.239844 0.016406 0.035938
1 0.368750 0.246094 0.015625 0.051563
1 0.541406 0.237109 0.020313 0.071094
1 0.521875 0.234375 0.015625 0.050000
