1 0.674219 0.238672 0.017188 0.058594
1 0.532813 0.299219 0.021875 0.076563
1 0.816016 0.478125 0.038281 0.115625
1 0.646875 0.226953 0.015625 0.057031
1 0.344922 0.214063 0.017969 0.050000
1 0.301563 0.295703 0.021875 0.082031
1 0.573828 0.157422 0.013281 0.042969
1 0.518750 0.223828 0.015625 0.057031
1 0.393359 0.186719 0.014844 0.048438
1 0.610547 0.214453 0.014844 0.057031
1 0.621094 0.183984 0.014063 0.046094
1 0.371094 0.239063 0.023438 0.059375
1 0.691797 0.282031 0.017969 0.064063
4 0.600000 0.385938 0.084375 0.221875
4 0.883594 0.755469 0.232813 0.473438
4 0.447656 0.200781 0.054688 0.139063
