1 0.660156 0.521094 0.029688 0.085938
1 0.784375 0.589453 0.031250 0.091406
1 0.526563 0.882031 0.059375 0.148438
1 0.595313 0.535938 0.028125 0.084375
1 0.579297 0.619531 0.033594 0.101562
1 0.731250 0.546875 0.025000 0.075000
1 0.391406 0.702344 0.048438 0.126562
1 0.729297 0.428125 0.024219 0.059375
1 0.758203 0.756250 0.041406 0.128125
1 0.730469 0.633984 0.032813 0.096094
1 0.829688 0.424609 0.015625 0.058594
1 0.689063 0.628516 0.031250 0.091406
1 0.693359 0.550391 0.027344 0.082031
1 0.772656 0.435156 0.023438 0.060938
1 0.809766 0.684375 0.038281 0.112500
1 0.673047 0.703906 0.036719 0.114063
1 0.728516 0.381250 0.019531 0.046875
1 0.854688 0.398047 0.021875 0.058594
1 0.828906 0.570703 0.032813 0.091406
1 0.766406 0.395313 0.020313 0.050000
1 0.756250 0.497266 0.025000 0.069531
2 0.587500 0.431641 0.046875 0.069531
1 0.822266 0.393750 0.013281 0.046875
