1 0.332031 0.853906 0.064063 0.151563
1 0.792188 0.452734 0.021875 0.055469
1 0.823438 0.433984 0.021875 0.058594
1 0.566406 0.741016 0.048438 0.119531
1 0.824219 0.576562 0.035938 0.087500
1 0.769922 0.639063 0.024219 0.084375
1 0.690625 0.683984 0.043750 0.108594
1 0.736719 0.438672 0.023438 0.055469
1 0.769141 0.410547 0.022656 0.055469
1 0.862109 0.629688 0.039844 0.096875
1 0.493359 0.684766 0.049219 0.116406
1 0.653125 0.728125 0.043750 0.109375
1 0.848438 0.394141 0.021875 0.053906
1 0.680078 0.442188 0.019531 0.071875
1 0.587109 0.529687 0.033594 0.078125
1 0.793750 0.408594 0.018750 0.048438
1 0.833594 0.365234 0.017188 0.042969
2 0.709766 0.566406 0.094531 0.085938
2 0.286328 0.603125 0.100781 0.112500
2 0.735547 0.508594 0.061719 0.073438
2 0.703906 0.398047 0.039062 0.058594
2 0.616406 0.352344 0.029688 0.039062
3 0.532422 0.465625 0.133594 0.171875
1 0.753516 0.599219 0.019531 0.085938
