1 0.775000 0.533984 0.031250 0.117969
1 0.716016 0.920313 0.069531 0.159375
1 0.314453 0.398438 0.022656 0.103125
1 0.377734 0.301953 0.017969 0.082031
1 0.519922 0.357422 0.021094 0.083594
1 0.556641 0.289453 0.016406 0.078906
1 0.273438 0.503125 0.031250 0.125000
1 0.387109 0.228125 0.014844 0.062500
1 0.351953 0.385156 0.022656 0.098438
1 0.599219 0.215625 0.014063 0.050000
1 0.569141 0.938672 0.044531 0.121094
1 0.573438 0.839844 0.053125 0.189063
1 0.561719 0.230469 0.014063 0.048438
1 0.322266 0.240625 0.019531 0.059375
1 0.316406 0.339063 0.020313 0.071875
2 0.303516 0.669922 0.116406 0.242969
2 0.584375 0.742188 0.134375 0.209375
2 0.079688 0.412500 0.137500 0.087500
2 0.425781 0.344922 0.042188 0.083594
2 0.455469 0.272266 0.039062 0.066406
2 0.442969 0.477734 0.064063 0.167969
2 0.612500 0.286719 0.031250 0.064063
4 0.445703 0.202734 0.032031 0.071094
