1 0.644141 0.269141 0.019531 0.066406
1 0.816797 0.601953 0.042969 0.141406
1 0.038672 0.880859 0.077344 0.221094
1 0.583594 0.170313 0.014063 0.046875
1 0.393750 0.175000 0.015625 0.050000
1 0.302344 0.328516 0.026563 0.091406
1 0.550000 0.171484 0.012500 0.046094
1 0.672266 0.280078 0.019531 0.066406
1 0.838281 0.520313 0.032813 0.109375
1 0.455469 0.185547 0.017188 0.055469
1 0.525781 0.156641 0.014063 0.044531
2 0.416016 0.326563 0.063281 0.103125
4 0.560156 0.248047 0.051563 0.092969
4 0.628125 0.474609 0.096875 0.233594
2 0.565625 0.340234 0.059375 0.105469
