1 0.730078 0.431250 0.022656 0.059375
1 0.472656 0.699609 0.042188 0.108594
1 0.557422 0.754688 0.042969 0.112500
1 0.581641 0.574609 0.032031 0.080469
1 0.753906 0.462891 0.023438 0.066406
1 0.503906 0.615234 0.039062 0.096094
1 0.408594 0.700391 0.045313 0.107031
1 0.823438 0.493750 0.025000 0.062500
1 0.697266 0.442188 0.022656 0.062500
1 0.619141 0.587500 0.035156 0.096875
1 0.550000 0.618359 0.031250 0.083594
1 0.846094 0.576172 0.032813 0.080469
1 0.675000 0.601172 0.034375 0.092969
1 0.807031 0.460547 0.020313 0.058594
1 0.786719 0.464453 0.023438 0.066406
1 0.735547 0.616797 0.036719 0.096094
1 0.580859 0.657813 0.033594 0.090625
1 0.838281 0.450391 0.020313 0.053906
1 0.814453 0.423047 0.016406 0.046094
1 0.723828 0.406250 0.019531 0.053125
1 0.175781 0.934766 0.070312 0.103906
1 0.805859 0.380859 0.017969 0.046094
1 0.791797 0.423047 0.017969 0.046094
1 0.838281 0.405859 0.017188 0.046094
2 0.091406 0.728906 0.142187 0.135938
2 0.699609 0.546094 0.058594 0.098438
2 0.582031 0.893750 0.123438 0.187500
2 0.634375 0.325391 0.028125 0.044531
3 0.696875 0.346094 0.050000 0.098438
