2 0.691797 0.687500 0.074219 0.165625
1 0.767969 0.373438 0.017188 0.050000
1 0.811719 0.534375 0.020313 0.084375
1 0.849609 0.347656 0.011719 0.048438
1 0.871094 0.428516 0.017188 0.057031
1 0.782422 0.490625 0.017969 0.087500
1 0.648047 0.832422 0.036719 0.167969
1 0.479297 0.681250 0.030469 0.096875
1 0.626563 0.629297 0.028125 0.096094
1 0.714844 0.780469 0.035938 0.126562
1 0.863281 0.662500 0.023438 0.128125
1 0.771094 0.744922 0.032813 0.142969
2 0.074219 0.889844 0.148438 0.220313
1 0.750391 0.550000 0.025781 0.096875
1 0.595313 0.607422 0.025000 0.105469
1 0.553516 0.640625 0.028906 0.109375
1 0.824609 0.615625 0.024219 0.109375
1 0.762891 0.860938 0.041406 0.165625
1 0.662109 0.919531 0.046094 0.160938
1 0.880859 0.831250 0.039844 0.171875
1 0.405859 0.757422 0.024219 0.117969
1 0.245313 0.940234 0.075000 0.117969
1 0.376563 0.669531 0.034375 0.123438
1 0.562500 0.933594 0.050000 0.132812
2 0.273438 0.667969 0.100000 0.126562
1 0.348047 0.802734 0.042969 0.171094
2 0.493359 0.837109 0.124219 0.208594
3 0.725000 0.415234 0.053125 0.121094
2 0.448828 0.492969 0.050781 0.064063
2 0.503516 0.507812 0.066406 0.084375
2 0.622656 0.466016 0.048438 0.066406
2 0.575781 0.445703 0.048438 0.066406
2 0.539844 0.424219 0.026563 0.048438
1 0.571875 0.518750 0.018750 0.075000
1 0.591797 0.495313 0.017969 0.071875
1 0.711328 0.559766 0.022656 0.078906
1 0.510938 0.572266 0.028125 0.082031
2 0.645313 0.525000 0.050000 0.065625
2 0.658203 0.412891 0.038281 0.057031
1 0.848047 0.512109 0.027344 0.083594
1 0.816797 0.464844 0.017969 0.051563
1 0.516406 0.701172 0.029688 0.083594
2 0.589844 0.377734 0.032813 0.046094
2 0.643359 0.374609 0.030469 0.046094
1 0.830859 0.402344 0.014844 0.051563
1 0.812109 0.393750 0.014844 0.046875
1 0.799609 0.383594 0.014844 0.051563
1 0.669922 0.595703 0.024219 0.069531
1 0.430078 0.773828 0.032031 0.128906
1 0.741797 0.489063 0.017969 0.059375
