1 0.193750 0.551953 0.046875 0.128906
1 0.097656 0.610156 0.045313 0.148438
1 0.736719 0.634766 0.064063 0.132031
1 0.789844 0.552734 0.039062 0.117969
1 0.861719 0.573047 0.039062 0.142969
1 0.744531 0.448828 0.032813 0.107031
1 0.708203 0.297266 0.028906 0.082031
1 0.684766 0.295703 0.019531 0.091406
1 0.656641 0.288672 0.019531 0.055469
1 0.612891 0.280078 0.025781 0.066406
2 0.561328 0.296484 0.075781 0.121094
1 0.080859 0.408594 0.067969 0.076563
1 0.212109 0.296484 0.046094 0.058594
1 0.631641 0.275781 0.016406 0.076563
1 0.616016 0.190625 0.016406 0.050000
