1 0.399219 0.906250 0.060938 0.150000
1 0.424219 0.687891 0.042188 0.116406
1 0.597656 0.703125 0.042188 0.115625
1 0.685938 0.809766 0.050000 0.132031
1 0.708594 0.566016 0.020313 0.078906
1 0.675781 0.531641 0.029688 0.078906
1 0.702734 0.449609 0.017969 0.055469
1 0.749609 0.476562 0.017969 0.062500
1 0.461719 0.767188 0.048438 0.128125
1 0.707813 0.495313 0.025000 0.059375
1 0.771094 0.437891 0.014063 0.057031
1 0.737109 0.406250 0.017969 0.050000
1 0.792969 0.478125 0.020313 0.065625
1 0.719531 0.421875 0.017188 0.053125
1 0.814453 0.407813 0.010156 0.053125
1 0.836328 0.382031 0.013281 0.048438
1 0.756250 0.426172 0.012500 0.055469
1 0.747656 0.363672 0.017188 0.042969
1 0.787891 0.432813 0.016406 0.046875
1 0.783594 0.395703 0.017188 0.044531
2 0.556250 0.467188 0.062500 0.087500
2 0.454688 0.479688 0.071875 0.084375
2 0.637891 0.316797 0.022656 0.030469
2 0.604297 0.371484 0.030469 0.042969
2 0.696875 0.342188 0.025000 0.046875
2 0.662891 0.330078 0.025781 0.041406
1 0.803516 0.417188 0.010156 0.053125
