1 0.791406 0.448828 0.020313 0.066406
1 0.440234 0.687109 0.036719 0.121094
1 0.762500 0.405859 0.018750 0.055469
1 0.855859 0.868750 0.049219 0.178125
1 0.861719 0.437500 0.020313 0.062500
1 0.785547 0.592187 0.027344 0.087500
1 0.724609 0.494141 0.024219 0.078906
1 0.483984 0.700781 0.039844 0.126562
1 0.673828 0.617969 0.022656 0.098438
1 0.830469 0.392578 0.017188 0.053906
1 0.718359 0.650391 0.027344 0.103906
1 0.418750 0.936719 0.046875 0.098438
1 0.862109 0.378516 0.017969 0.053906
1 0.827734 0.530078 0.024219 0.078906
1 0.758984 0.648047 0.033594 0.117969
1 0.811719 0.660547 0.032813 0.108594
1 0.805078 0.421875 0.016406 0.053125
1 0.752734 0.364453 0.014844 0.044531
1 0.800000 0.382812 0.015625 0.050000
2 0.292578 0.675000 0.116406 0.137500
2 0.266797 0.605078 0.089844 0.103906
2 0.673047 0.475000 0.042969 0.078125
2 0.651172 0.557813 0.058594 0.090625
3 0.585938 0.380469 0.037500 0.060938
3 0.439063 0.540625 0.093750 0.128125
2 0.598438 0.488281 0.053125 0.089063
2 0.691797 0.367188 0.030469 0.053125
3 0.600000 0.790234 0.146875 0.417969
1 0.695312 0.634766 0.021875 0.107031
1 0.626563 0.583594 0.021875 0.060938
