1 0.277344 0.823828 0.070312 0.153906
1 0.527734 0.714063 0.046094 0.128125
1 0.455859 0.673438 0.046094 0.115625
1 0.775781 0.673828 0.032813 0.091406
1 0.768750 0.453125 0.025000 0.062500
1 0.593750 0.781250 0.040625 0.125000
1 0.742578 0.821875 0.038281 0.121875
1 0.797656 0.766016 0.039062 0.119531
1 0.711328 0.716016 0.032031 0.103906
1 0.694141 0.439844 0.019531 0.060938
1 0.728125 0.476953 0.028125 0.066406
1 0.583594 0.569922 0.017188 0.071094
1 0.693359 0.660938 0.024219 0.109375
1 0.831641 0.545703 0.035156 0.078906
1 0.646094 0.461328 0.026563 0.066406
1 0.670703 0.635938 0.025781 0.103125
1 0.626172 0.507812 0.027344 0.075000
1 0.820703 0.606250 0.025781 0.090625
1 0.846875 0.934766 0.059375 0.094531
1 0.680078 0.518750 0.016406 0.071875
1 0.707813 0.530859 0.025000 0.071094
1 0.794141 0.419922 0.022656 0.058594
1 0.758203 0.600781 0.022656 0.073438
1 0.783203 0.573047 0.028906 0.083594
1 0.744531 0.397656 0.023438 0.060938
1 0.727344 0.575781 0.026563 0.073438
1 0.911328 0.587109 0.044531 0.096094
1 0.766797 0.405859 0.021094 0.055469
1 0.588672 0.671484 0.024219 0.083594
1 0.582422 0.616406 0.024219 0.051563
1 0.057422 0.948438 0.071094 0.087500
4 0.705469 0.396875 0.032813 0.050000
2 0.764453 0.524219 0.053906 0.060938
2 0.448828 0.920313 0.113281 0.153125
2 0.616797 0.352734 0.033594 0.058594
1 0.669141 0.496875 0.016406 0.071875
