1 0.338281 0.812109 0.057813 0.155469
1 0.737500 0.421484 0.021875 0.058594
1 0.658594 0.647266 0.032813 0.103906
1 0.617969 0.448047 0.023438 0.067969
1 0.705469 0.716016 0.035938 0.116406
1 0.692188 0.492188 0.018750 0.075000
1 0.871094 0.535156 0.026563 0.073438
1 0.677734 0.408984 0.021094 0.055469
1 0.720313 0.577734 0.031250 0.092969
1 0.744141 0.558594 0.028906 0.085938
1 0.723828 0.396094 0.019531 0.051563
1 0.784766 0.461719 0.022656 0.060938
1 0.804688 0.478906 0.021875 0.064063
1 0.646484 0.770703 0.039844 0.128906
1 0.552734 0.787500 0.042969 0.137500
1 0.624219 0.586719 0.032813 0.098438
1 0.872656 0.446094 0.023438 0.060938
1 0.706641 0.510156 0.022656 0.076563
1 0.820703 0.534375 0.025781 0.075000
1 0.822266 0.451172 0.019531 0.055469
1 0.845313 0.505859 0.021875 0.067969
1 0.846484 0.451953 0.021094 0.057031
1 0.766016 0.508594 0.025781 0.073438
1 0.751563 0.379688 0.018750 0.050000
1 0.773828 0.422656 0.019531 0.051563
1 0.803125 0.424219 0.012500 0.051563
2 0.659766 0.475000 0.044531 0.065625
2 0.705469 0.356641 0.032813 0.053906
2 0.646484 0.376953 0.033594 0.053906
2 0.924609 0.628125 0.102344 0.112500
3 0.587891 0.397266 0.066406 0.103906
