4 0.309375 0.576172 0.143750 0.455469
4 0.521875 0.286328 0.053125 0.144531
3 0.167578 0.307031 0.053906 0.126562
2 0.633594 0.846094 0.164062 0.307813
2 0.618359 0.520703 0.086719 0.157031
2 0.607031 0.310156 0.042188 0.073438
2 0.574219 0.254297 0.045313 0.055469
2 0.634375 0.267969 0.034375 0.048438
2 0.687500 0.253516 0.043750 0.053906
4 0.397656 0.203125 0.098438 0.065625
1 0.224609 0.282031 0.017969 0.051563
1 0.287109 0.214063 0.017969 0.040625
4 0.171094 0.164062 0.039062 0.075000
1 0.070703 0.216406 0.025781 0.035938
1 0.700781 0.305078 0.020313 0.057031
