4 0.129688 0.428125 0.125000 0.259375
4 0.222656 0.200781 0.089063 0.126562
2 0.352734 0.514062 0.083594 0.187500
2 0.787891 0.762891 0.178906 0.257031
2 0.621875 0.422656 0.065625 0.126562
2 0.532422 0.401563 0.055469 0.071875
2 0.537109 0.312109 0.046094 0.067969
2 0.596094 0.333594 0.045313 0.073438
2 0.630469 0.277344 0.035938 0.048438
4 0.616797 0.227344 0.052344 0.064063
3 0.560156 0.547656 0.092188 0.226562
1 0.462891 0.227734 0.025781 0.042969
1 0.708984 0.326172 0.024219 0.067969
1 0.116406 0.246875 0.014063 0.053125
