1 0.322656 0.726953 0.054688 0.132031
1 0.715625 0.407813 0.025000 0.062500
1 0.814844 0.464844 0.026563 0.064063
1 0.767188 0.421484 0.015625 0.055469
1 0.572656 0.659766 0.039062 0.107031
1 0.868359 0.851953 0.042969 0.132031
1 0.743750 0.571484 0.031250 0.083594
1 0.806250 0.533984 0.031250 0.080469
1 0.839063 0.418750 0.025000 0.059375
1 0.300781 0.810547 0.051563 0.121094
1 0.745703 0.507812 0.032031 0.071875
1 0.737891 0.381641 0.019531 0.053906
1 0.801563 0.425000 0.021875 0.059375
1 0.753516 0.391016 0.019531 0.053906
2 0.676172 0.486328 0.042969 0.082031
2 0.716016 0.812109 0.110156 0.171094
2 0.246484 0.658984 0.146094 0.142969
2 0.502734 0.780078 0.108594 0.178906
2 0.564453 0.558984 0.069531 0.105469
2 0.346094 0.559375 0.095313 0.112500
2 0.682422 0.630078 0.064844 0.119531
2 0.590625 0.378125 0.040625 0.065625
2 0.612500 0.349609 0.031250 0.058594
2 0.667969 0.347266 0.032813 0.053906
2 0.691797 0.378906 0.033594 0.060938
