1 0.347266 0.867578 0.060156 0.153906
1 0.643750 0.671484 0.037500 0.105469
1 0.635156 0.796094 0.045313 0.126562
1 0.737109 0.503516 0.027344 0.069531
1 0.846484 0.586719 0.036719 0.101562
1 0.793359 0.840234 0.049219 0.142969
1 0.760547 0.548828 0.027344 0.069531
1 0.727734 0.837109 0.046094 0.146094
1 0.798438 0.686719 0.040625 0.110938
1 0.761328 0.619141 0.035156 0.091406
1 0.786328 0.532813 0.025781 0.071875
1 0.517188 0.648047 0.043750 0.121094
1 0.779297 0.477734 0.021094 0.067969
1 0.474219 0.746484 0.048438 0.133594
1 0.674219 0.522266 0.029688 0.082031
1 0.807422 0.564453 0.030469 0.078906
1 0.592187 0.687500 0.040625 0.115625
1 0.716016 0.656641 0.038281 0.103906
1 0.758984 0.407813 0.024219 0.059375
1 0.612500 0.523047 0.031250 0.083594
1 0.627344 0.607031 0.032813 0.089063
1 0.683594 0.418750 0.026563 0.062500
1 0.957813 0.921094 0.059375 0.151563
1 0.735938 0.589844 0.028125 0.085938
1 0.828906 0.476953 0.026563 0.069531
1 0.701172 0.572656 0.030469 0.085938
1 0.800391 0.437891 0.022656 0.057031
1 0.784766 0.394141 0.019531 0.053906
1 0.587891 0.631641 0.032031 0.082031
1 0.214844 0.939453 0.070312 0.094531
1 0.713281 0.535547 0.026563 0.071094
1 0.798438 0.481250 0.021875 0.065625
1 0.825000 0.421484 0.021875 0.055469
1 0.323438 0.812109 0.034375 0.108594
2 0.175781 0.740234 0.189063 0.171094
2 0.645703 0.463672 0.050781 0.080469
2 0.410547 0.528516 0.074219 0.091406
3 0.622266 0.339453 0.025781 0.057031
2 0.683594 0.368750 0.032813 0.050000
2 0.112891 0.683984 0.088281 0.096094
