1 0.855469 0.549219 0.020313 0.085938
1 0.706641 0.575000 0.028906 0.087500
1 0.535547 0.448828 0.024219 0.066406
1 0.747266 0.536328 0.025781 0.082031
1 0.834766 0.755078 0.044531 0.144531
1 0.808594 0.434375 0.020313 0.053125
1 0.803125 0.480859 0.021875 0.067969
1 0.689063 0.496094 0.025000 0.073438
1 0.833594 0.453906 0.020313 0.060938
1 0.439453 0.921484 0.057031 0.133594
1 0.771094 0.396875 0.017188 0.053125
1 0.795313 0.404688 0.018750 0.053125
1 0.512891 0.937109 0.057031 0.121094
1 0.715625 0.438281 0.018750 0.060938
1 0.840625 0.396484 0.018750 0.055469
1 0.773438 0.466016 0.021875 0.066406
1 0.719141 0.517188 0.022656 0.075000
1 0.841016 0.506250 0.019531 0.059375
1 0.810938 0.575000 0.028125 0.087500
1 0.741797 0.467188 0.021094 0.062500
1 0.344141 0.932031 0.072656 0.135938
1 0.787109 0.683594 0.033594 0.114063
1 0.751563 0.421484 0.018750 0.055469
1 0.821875 0.507422 0.018750 0.058594
1 0.805078 0.377344 0.016406 0.048438
2 0.581641 0.835156 0.110156 0.198438
2 0.558984 0.664062 0.067969 0.121875
2 0.591016 0.448828 0.053906 0.082031
2 0.430859 0.506250 0.064844 0.090625
2 0.571484 0.396875 0.033594 0.053125
2 0.601172 0.362500 0.033594 0.053125
2 0.651953 0.360547 0.028906 0.042969
3 0.687109 0.381250 0.058594 0.109375
3 0.352734 0.660547 0.099219 0.180469
1 0.336719 0.846875 0.057813 0.096875
