1 0.242578 0.260156 0.022656 0.051563
1 0.171094 0.253125 0.014063 0.059375
1 0.854688 0.536719 0.040625 0.110938
2 0.712500 0.610938 0.128125 0.184375
2 0.881250 0.926563 0.215625 0.146875
2 0.627344 0.388672 0.057813 0.092969
2 0.684766 0.257031 0.047656 0.051563
2 0.493359 0.219141 0.055469 0.044531
2 0.261719 0.205859 0.051563 0.042969
4 0.362891 0.343750 0.100781 0.259375
4 0.172656 0.177734 0.045313 0.092969
1 0.451563 0.220313 0.025000 0.040625
1 0.535938 0.232813 0.025000 0.037500
4 0.600391 0.297266 0.041406 0.094531
4 0.614844 0.233203 0.067187 0.066406
3 0.646484 0.917969 0.233594 0.164062
