2 0.403516 0.413281 0.063281 0.126562
1 0.300781 0.429297 0.032813 0.105469
1 0.219531 0.428516 0.035938 0.119531
1 0.078906 0.408203 0.060938 0.066406
1 0.204688 0.283984 0.050000 0.046094
1 0.362500 0.345703 0.034375 0.069531
1 0.707031 0.332031 0.035938 0.110938
1 0.522266 0.269922 0.041406 0.080469
1 0.398047 0.252734 0.024219 0.067969
1 0.600000 0.228125 0.028125 0.078125
1 0.385547 0.183594 0.017969 0.064063
1 0.361719 0.281641 0.023438 0.057031
1 0.334375 0.249609 0.012500 0.067969
1 0.406250 0.159375 0.015625 0.053125
