1 0.856641 0.796875 0.050781 0.140625
1 0.721094 0.866406 0.051563 0.139063
1 0.823438 0.700000 0.040625 0.112500
1 0.879688 0.642188 0.040625 0.112500
1 0.697656 0.769531 0.045313 0.126562
1 0.175781 0.786328 0.060938 0.141406
1 0.807031 0.503516 0.029688 0.078906
1 0.723438 0.461719 0.028125 0.073438
1 0.465625 0.616797 0.043750 0.108594
1 0.028125 0.909375 0.056250 0.153125
1 0.425000 0.729297 0.053125 0.133594
1 0.416797 0.935938 0.058594 0.125000
1 0.760938 0.467578 0.028125 0.069531
1 0.744531 0.564453 0.017188 0.069531
1 0.701953 0.548438 0.032031 0.087500
1 0.526953 0.757812 0.047656 0.115625
1 0.673828 0.507812 0.028906 0.078125
1 0.634766 0.601172 0.035156 0.092969
1 0.525391 0.896875 0.053906 0.140625
1 0.642969 0.867969 0.048438 0.135938
1 0.830859 0.447656 0.024219 0.060938
1 0.644922 0.758203 0.042969 0.107031
1 0.619922 0.564063 0.030469 0.078125
1 0.352734 0.685938 0.049219 0.121875
1 0.372656 0.619531 0.042188 0.098438
1 0.598828 0.769922 0.044531 0.105469
1 0.766797 0.383984 0.021094 0.055469
2 0.776563 0.619922 0.078125 0.133594
2 0.572656 0.671875 0.089063 0.137500
2 0.619531 0.437109 0.048438 0.080469
3 0.561719 0.402734 0.039062 0.067969
2 0.658594 0.406641 0.029688 0.053906
1 0.787891 0.375000 0.013281 0.059375
1 0.802734 0.384766 0.014844 0.053906
1 0.823047 0.385156 0.014844 0.051563
1 0.843750 0.387109 0.015625 0.055469
1 0.754688 0.532813 0.021875 0.071875
