10 0.190625 0.4979166666666667 0.025 0.04027777777777778
10 0.4296875 0.5340277777777778 0.0140625 0.03194444444444444
3 0.459375 0.6708333333333333 0.01875 0.025
3 0.48515625 0.6583333333333333 0.0359375 0.075
7 0.218359375 0.6597222222222222 0.01640625 0.08055555555555556
7 0.990234375 0.6618055555555555 0.01796875 0.05138888888888889
7 0.203125 0.6583333333333333 0.01875 0.08055555555555556
2 0.48515625 0.6590277777777778 0.0359375 0.07361111111111111
3 0.4375 0.6708333333333333 0.0265625 0.030555555555555555
3 0.682421875 0.6770833333333334 0.06796875 0.07083333333333333
3 0.908984375 0.7180555555555556 0.18203125 0.15833333333333333