7 0.153515625 0.6493055555555556 0.01015625 0.07083333333333333
3 0.06640625 0.6729166666666667 0.0328125 0.034722222222222224
10 0.0421875 0.4652777777777778 0.009375 0.025
10 0.469921875 0.5416666666666666 0.02109375 0.030555555555555555
12 0.32890625 0.6576388888888889 0.1015625 0.09861111111111111
2 0.32890625 0.6569444444444444 0.1 0.09722222222222222
3 0.0234375 0.6604166666666667 0.046875 0.03194444444444444
10 0.125390625 0.44583333333333336 0.02109375 0.03611111111111111
7 0.25078125 0.6479166666666667 0.0109375 0.04583333333333333
1 0.29765625 0.7569444444444444 0.0359375 0.07777777777777778
10 0.251953125 0.4895833333333333 0.01796875 0.06527777777777778
3 0.78515625 0.6798611111111111 0.1390625 0.1597222222222222
7 0.097265625 0.6694444444444444 0.01953125 0.08333333333333333
7 0.201953125 0.6659722222222222 0.01640625 0.08194444444444444
3 0.558984375 0.6604166666666667 0.03515625 0.04027777777777778
7 0.30234375 0.6972222222222222 0.0390625 0.16666666666666666
3 0.50234375 0.6666666666666666 0.046875 0.06388888888888888
3 0.884765625 0.6680555555555555 0.09296875 0.09166666666666666
3 0.655078125 0.6993055555555555 0.13515625 0.14027777777777778