10 0.538671875 0.5576388888888889 0.00859375 0.020833333333333332
10 0.53125 0.5618055555555556 0.0125 0.02638888888888889
3 0.61640625 0.6423611111111112 0.0265625 0.029166666666666667
3 0.934375 0.6347222222222222 0.1140625 0.12777777777777777
3 0.69765625 0.6444444444444445 0.025 0.03611111111111111
3 0.97578125 0.6402777777777777 0.046875 0.11388888888888889
2 0.45625 0.6548611111111111 0.0390625 0.06805555555555555
3 0.72890625 0.6479166666666667 0.0359375 0.0375
3 0.45625 0.6541666666666667 0.0390625 0.06944444444444445
3 0.811328125 0.6520833333333333 0.06171875 0.05416666666666667
3 0.537109375 0.6645833333333333 0.05703125 0.07083333333333333