3 0.444921875 0.6451388888888889 0.03203125 0.059722222222222225
2 0.497265625 0.6430555555555556 0.02734375 0.05
3 0.634765625 0.6472222222222223 0.02578125 0.027777777777777776
3 0.49765625 0.6430555555555556 0.0265625 0.04722222222222222
2 0.903125 0.7284722222222222 0.190625 0.45694444444444443
7 0.321484375 0.6590277777777778 0.01796875 0.059722222222222225
3 0.902734375 0.7284722222222222 0.19140625 0.45694444444444443
2 0.44453125 0.6458333333333334 0.03125 0.058333333333333334
3 0.791015625 0.6590277777777778 0.05078125 0.06527777777777778
7 0.366015625 0.6694444444444444 0.01328125 0.075
7 0.092578125 0.6833333333333333 0.03359375 0.1361111111111111
7 0.14375 0.6881944444444444 0.0375 0.1736111111111111