3 0.4921875 0.6611111111111111 0.0140625 0.030555555555555555
2 0.3890625 0.6805555555555556 0.0546875 0.09444444444444444
12 0.3890625 0.6798611111111111 0.0546875 0.09305555555555556
3 0.598046875 0.6861111111111111 0.03515625 0.09166666666666666
3 0.3890625 0.6819444444444445 0.0546875 0.09444444444444444
7 0.0828125 0.6868055555555556 0.0390625 0.10416666666666667
3 0.41953125 0.6756944444444445 0.015625 0.03194444444444444
3 0.85703125 0.6909722222222222 0.2828125 0.5152777777777777
3 0.509375 0.6694444444444444 0.025 0.027777777777777776
1 0.0796875 0.7361111111111112 0.0703125 0.08055555555555556
3 0.548828125 0.6666666666666666 0.05078125 0.06944444444444445
3 0.46875 0.66875 0.034375 0.05416666666666667
3 0.634375 0.6951388888888889 0.0984375 0.1125