3 0.292578125 0.6798611111111111 0.04921875 0.06805555555555555
3 0.11015625 0.6479166666666667 0.0671875 0.07361111111111111
3 0.075390625 0.6548611111111111 0.12734375 0.0763888888888889
2 0.61328125 0.6284722222222222 0.0859375 0.11527777777777778
3 0.91796875 0.6527777777777778 0.065625 0.06111111111111111
3 0.969140625 0.66875 0.06171875 0.05138888888888889
3 0.505859375 0.6548611111111111 0.02578125 0.04861111111111111
3 0.83828125 0.6652777777777777 0.0578125 0.07777777777777778
3 0.26484375 0.6743055555555556 0.103125 0.07916666666666666
2 0.558984375 0.6368055555555555 0.05390625 0.09305555555555556
12 0.619140625 0.6270833333333333 0.07578125 0.12083333333333333