3 0.53203125 0.6347222222222222 0.01875 0.016666666666666666
3 0.578125 0.65625 0.025 0.03194444444444444
10 0.390625 0.5548611111111111 0.0078125 0.03194444444444444
2 0.9234375 0.5666666666666667 0.1515625 0.18611111111111112
7 0.3203125 0.6444444444444445 0.0140625 0.058333333333333334
3 0.7015625 0.64375 0.0296875 0.02638888888888889
7 0.269921875 0.65 0.01484375 0.07777777777777778
10 0.425 0.4465277777777778 0.0171875 0.034722222222222224
7 0.240234375 0.6513888888888889 0.01484375 0.08611111111111111
3 0.785546875 0.6409722222222223 0.05859375 0.059722222222222225
3 0.61328125 0.6506944444444445 0.05 0.06805555555555555