3 0.548046875 0.6618055555555555 0.02421875 0.05138888888888889
10 0.316015625 0.5680555555555555 0.00859375 0.03888888888888889
10 0.56875 0.5909722222222222 0.0109375 0.020833333333333332
10 0.3765625 0.4777777777777778 0.01875 0.027777777777777776
3 0.366796875 0.6618055555555555 0.03515625 0.07083333333333333
10 0.80625 0.5659722222222222 0.009375 0.03194444444444444
10 0.30234375 0.5756944444444444 0.0125 0.04027777777777778
3 0.491015625 0.6479166666666667 0.01953125 0.02361111111111111
7 0.0203125 0.6791666666666667 0.025 0.11944444444444445
3 0.965625 0.6729166666666667 0.06875 0.09583333333333334
3 0.41484375 0.6701388888888888 0.0640625 0.06805555555555555
3 0.2796875 0.7284722222222222 0.203125 0.2125