10 0.67578125 0.6041666666666666 0.0109375 0.025
3 0.99140625 0.6625 0.0171875 0.08055555555555556
3 0.452734375 0.675 0.01328125 0.030555555555555555
10 0.64296875 0.4756944444444444 0.0171875 0.04861111111111111
10 0.71796875 0.575 0.009375 0.030555555555555555
3 0.953515625 0.6645833333333333 0.06953125 0.09027777777777778
3 0.88671875 0.6666666666666666 0.0875 0.09166666666666666
6 0.253125 0.7625 0.065625 0.18333333333333332
7 0.262890625 0.7069444444444445 0.05078125 0.18055555555555555
3 0.532421875 0.7125 0.09453125 0.14444444444444443
3 0.368359375 0.7 0.09921875 0.11944444444444445