3 0.509375 0.6486111111111111 0.025 0.03611111111111111
7 0.283203125 0.6298611111111111 0.01015625 0.03194444444444444
2 0.4203125 0.6597222222222222 0.0546875 0.09722222222222222
10 0.64921875 0.5840277777777778 0.0109375 0.02361111111111111
10 0.77265625 0.5236111111111111 0.015625 0.03333333333333333
7 0.240625 0.6291666666666667 0.0140625 0.041666666666666664
7 0.2203125 0.6263888888888889 0.0140625 0.044444444444444446
3 0.4203125 0.6590277777777778 0.0546875 0.09861111111111111
7 0.09375 0.6222222222222222 0.01875 0.07222222222222222
7 0.1875 0.6263888888888889 0.015625 0.05
7 0.203515625 0.625 0.01640625 0.04722222222222222