3 0.594921875 0.6631944444444444 0.01796875 0.03194444444444444
10 0.3921875 0.60625 0.0078125 0.02638888888888889
10 0.165234375 0.47708333333333336 0.01328125 0.034722222222222224
10 0.2703125 0.5993055555555555 0.009375 0.02638888888888889
10 0.2015625 0.5256944444444445 0.0109375 0.04583333333333333
10 0.716015625 0.5993055555555555 0.00703125 0.02361111111111111
10 0.326171875 0.5451388888888888 0.01015625 0.04583333333333333
12 0.63828125 0.6534722222222222 0.0703125 0.09583333333333334
3 0.7578125 0.66875 0.0484375 0.04861111111111111
3 0.443359375 0.6673611111111111 0.03515625 0.043055555555555555
3 0.49765625 0.6729166666666667 0.04375 0.059722222222222225
3 0.861328125 0.6965277777777777 0.14296875 0.10694444444444444
3 0.34921875 0.7173611111111111 0.121875 0.15138888888888888