3 0.505078125 0.6826388888888889 0.04296875 0.043055555555555555
3 0.535546875 0.6604166666666667 0.01484375 0.020833333333333332
12 0.562890625 0.6604166666666667 0.03984375 0.07361111111111111
3 0.460546875 0.6604166666666667 0.01796875 0.02361111111111111
3 0.5625 0.6604166666666667 0.040625 0.07361111111111111
3 0.221875 0.6756944444444445 0.046875 0.06527777777777778
3 0.0203125 0.6645833333333333 0.040625 0.0375
10 0.342578125 0.475 0.01171875 0.058333333333333334
7 0.166015625 0.6909722222222222 0.02265625 0.09305555555555556
7 0.941796875 0.6833333333333333 0.02578125 0.1111111111111111
3 0.31015625 0.6618055555555555 0.05 0.0625
12 0.5046875 0.6388888888888888 0.05 0.13055555555555556
3 0.662109375 0.6791666666666667 0.06171875 0.075