3 0.462109375 0.6638888888888889 0.02109375 0.030555555555555555
3 0.926171875 0.6604166666666667 0.05859375 0.059722222222222225
10 0.312109375 0.50625 0.01484375 0.029166666666666667
3 0.554296875 0.6729166666666667 0.02890625 0.05138888888888889
10 0.7734375 0.5111111111111111 0.01875 0.041666666666666664
10 0.421875 0.55625 0.0140625 0.0375
3 0.696484375 0.6694444444444444 0.03671875 0.06666666666666667
3 0.63046875 0.6736111111111112 0.0546875 0.058333333333333334
3 0.518359375 0.675 0.04453125 0.06944444444444445
3 0.97109375 0.7131944444444445 0.0578125 0.16527777777777777
3 0.792578125 0.6979166666666666 0.16171875 0.17916666666666667