7 0.157421875 0.6638888888888889 0.01484375 0.06388888888888888
10 0.725390625 0.5347222222222222 0.01015625 0.025
3 0.565625 0.6451388888888889 0.028125 0.043055555555555555
3 0.461328125 0.6479166666666667 0.02421875 0.029166666666666667
3 0.593359375 0.6472222222222223 0.03046875 0.03611111111111111
10 0.422265625 0.5270833333333333 0.01015625 0.029166666666666667
7 0.1640625 0.6645833333333333 0.0140625 0.06527777777777778
7 0.19453125 0.6625 0.015625 0.06111111111111111
2 0.50546875 0.6458333333333334 0.0359375 0.075
7 0.26328125 0.6604166666666667 0.0125 0.05694444444444444
7 0.226953125 0.6618055555555555 0.01640625 0.06527777777777778
3 0.073828125 0.7298611111111111 0.14609375 0.24027777777777778
3 0.797265625 0.6604166666666667 0.08828125 0.0625
3 0.654296875 0.6625 0.04765625 0.05
3 0.41484375 0.6777777777777778 0.0671875 0.08611111111111111