3 0.639453125 0.6604166666666667 0.02890625 0.029166666666666667
3 0.412109375 0.6638888888888889 0.01953125 0.03611111111111111
10 0.50859375 0.5902777777777778 0.0078125 0.019444444444444445
12 0.087890625 0.7375 0.17421875 0.4111111111111111
3 0.428515625 0.6527777777777778 0.01640625 0.03333333333333333
3 0.4046875 0.6673611111111111 0.0296875 0.043055555555555555
2 0.542578125 0.6486111111111111 0.04765625 0.08888888888888889
12 0.542578125 0.6479166666666667 0.04765625 0.0875
3 0.0875 0.7395833333333334 0.1734375 0.4097222222222222
3 0.394140625 0.6680555555555555 0.03046875 0.05277777777777778
3 0.369921875 0.6694444444444444 0.03984375 0.05555555555555555
3 0.31953125 0.6826388888888889 0.084375 0.12638888888888888
3 0.230859375 0.7097222222222223 0.14140625 0.2