3 0.55625 0.6375 0.0265625 0.03611111111111111
10 0.33984375 0.48125 0.025 0.03194444444444444
7 0.03046875 0.7847222222222222 0.0609375 0.225
3 0.384375 0.6680555555555555 0.0171875 0.04722222222222222
10 0.3734375 0.5798611111111112 0.0109375 0.034722222222222224
10 0.537109375 0.4736111111111111 0.02109375 0.05
10 0.642578125 0.46875 0.01796875 0.04583333333333333
3 0.5296875 0.6597222222222222 0.046875 0.075
6 0.030859375 0.86875 0.06171875 0.25416666666666665
3 0.346875 0.6680555555555555 0.05 0.06666666666666667
3 0.45234375 0.6597222222222222 0.0453125 0.06666666666666667