3 0.61875 0.6597222222222222 0.04375 0.03611111111111111
7 0.141796875 0.7076388888888889 0.04453125 0.0763888888888889
10 0.394921875 0.5027777777777778 0.02109375 0.041666666666666664
10 0.733203125 0.41458333333333336 0.02734375 0.05138888888888889
1 0.19296875 0.7111111111111111 0.0375 0.058333333333333334
12 0.501953125 0.6631944444444444 0.04453125 0.06527777777777778
10 0.61640625 0.43333333333333335 0.015625 0.03611111111111111
2 0.5015625 0.6638888888888889 0.0453125 0.06388888888888888
10 0.635546875 0.5541666666666667 0.01015625 0.027777777777777776
7 0.19921875 0.6930555555555555 0.0234375 0.075
7 0.11640625 0.6868055555555556 0.0203125 0.05138888888888889
3 0.7 0.6659722222222222 0.034375 0.04583333333333333
10 0.627734375 0.40902777777777777 0.01484375 0.029166666666666667
10 0.74765625 0.41180555555555554 0.0203125 0.05138888888888889
3 0.5015625 0.6631944444444444 0.0453125 0.06527777777777778
10 0.401953125 0.4965277777777778 0.01484375 0.034722222222222224
10 0.256640625 0.5972222222222222 0.01171875 0.03611111111111111
7 0.141015625 0.6923611111111111 0.02421875 0.0763888888888889
3 0.4171875 0.66875 0.025 0.03194444444444444
7 0.24140625 0.6958333333333333 0.015625 0.06388888888888888
3 0.455078125 0.6861111111111111 0.04140625 0.058333333333333334
1 0.14375 0.71875 0.053125 0.05694444444444444
3 0.955078125 0.6652777777777777 0.08984375 0.08611111111111111
3 0.773828125 0.6659722222222222 0.10546875 0.0875