12 0.56171875 0.6756944444444445 0.0578125 0.09861111111111111
3 0.615234375 0.6576388888888889 0.01796875 0.02638888888888889
3 0.525 0.6659722222222222 0.0203125 0.0375
3 0.87265625 0.6840277777777778 0.25 0.5263888888888889
3 0.56171875 0.6756944444444445 0.059375 0.09861111111111111
12 0.8734375 0.6722222222222223 0.2515625 0.5444444444444444
10 0.29609375 0.11388888888888889 0.0640625 0.06111111111111111
2 0.493359375 0.6659722222222222 0.04453125 0.0763888888888889
10 0.041796875 0.3506944444444444 0.04765625 0.1125
3 0.21171875 0.6083333333333333 0.0484375 0.075
7 0.368359375 0.6611111111111111 0.01640625 0.07777777777777778
3 0.6421875 0.66875 0.0390625 0.04861111111111111
7 0.04140625 0.6652777777777777 0.040625 0.15555555555555556