10 0.99140625 0.5520833333333334 0.0171875 0.0625
2 0.63046875 0.6354166666666666 0.0625 0.1486111111111111
10 0.43125 0.5451388888888888 0.0140625 0.04027777777777778
3 0.455078125 0.6638888888888889 0.02265625 0.030555555555555555
3 0.563671875 0.6569444444444444 0.02421875 0.027777777777777776
3 0.319921875 0.6777777777777778 0.03359375 0.030555555555555555
3 0.501171875 0.6583333333333333 0.03359375 0.06388888888888888
2 0.5015625 0.6583333333333333 0.0328125 0.06388888888888888
3 0.63203125 0.6805555555555556 0.065625 0.06944444444444445
12 0.1234375 0.6354166666666666 0.2421875 0.30972222222222223
3 0.796875 0.7006944444444444 0.1515625 0.15416666666666667