3 0.523046875 0.6569444444444444 0.01328125 0.022222222222222223
3 0.005078125 0.6923611111111111 0.01015625 0.0375
3 0.4625 0.6597222222222222 0.01875 0.025
10 0.256640625 0.5041666666666667 0.01484375 0.03888888888888889
10 0.837109375 0.4083333333333333 0.01640625 0.044444444444444446
10 0.2828125 0.5930555555555556 0.015625 0.03611111111111111
3 0.182421875 0.6590277777777778 0.06171875 0.04861111111111111
10 0.4296875 0.5256944444444445 0.0125 0.03194444444444444
3 0.899609375 0.6486111111111111 0.11484375 0.09444444444444444
12 0.555078125 0.6361111111111111 0.05234375 0.10833333333333334
6 0.244140625 0.7541666666666667 0.05234375 0.1111111111111111
7 0.25234375 0.6965277777777777 0.05 0.14305555555555555
3 0.495703125 0.6680555555555555 0.03515625 0.05277777777777778
7 0.114453125 0.7520833333333333 0.12890625 0.2902777777777778
6 0.096484375 0.8673611111111111 0.19140625 0.23194444444444445
3 0.966015625 0.675 0.06796875 0.06944444444444445
12 0.726953125 0.5902777777777778 0.24140625 0.41944444444444445