3 0.53828125 0.64375 0.0234375 0.034722222222222224
3 0.781640625 0.6520833333333333 0.02421875 0.04583333333333333
10 0.646875 0.43819444444444444 0.015625 0.03194444444444444
3 0.703125 0.6354166666666666 0.0765625 0.11805555555555555
10 0.66953125 0.5555555555555556 0.009375 0.03333333333333333
10 0.63203125 0.4513888888888889 0.025 0.03888888888888889
10 0.41015625 0.5013888888888889 0.0203125 0.03611111111111111
3 0.082421875 0.6354166666666666 0.01796875 0.02638888888888889
10 0.34609375 0.5763888888888888 0.0109375 0.030555555555555555
10 0.65390625 0.6048611111111111 0.0109375 0.034722222222222224
10 0.42421875 0.4888888888888889 0.015625 0.03333333333333333
3 0.251953125 0.6375 0.02109375 0.030555555555555555
3 0.29375 0.6388888888888888 0.0265625 0.030555555555555555
12 0.81796875 0.6465277777777778 0.0546875 0.06805555555555555
3 0.173046875 0.6631944444444444 0.03359375 0.03194444444444444
10 0.141015625 0.5513888888888889 0.01015625 0.027777777777777776
7 0.35390625 0.6777777777777778 0.0484375 0.1111111111111111
12 0.703125 0.6347222222222222 0.078125 0.11944444444444445
3 0.818359375 0.6458333333333334 0.05390625 0.06666666666666667
3 0.75546875 0.6472222222222223 0.04375 0.058333333333333334
6 0.356640625 0.7326388888888888 0.04140625 0.10416666666666667
3 0.6046875 0.6645833333333333 0.0640625 0.09305555555555556
3 0.917578125 0.6659722222222222 0.09140625 0.07916666666666666