10 0.915234375 0.45902777777777776 0.03828125 0.043055555555555555
3 0.546484375 0.6347222222222222 0.02421875 0.030555555555555555
3 0.252734375 0.6375 0.05703125 0.05277777777777778
2 0.340234375 0.6256944444444444 0.08671875 0.0763888888888889
10 0.3828125 0.46319444444444446 0.0328125 0.043055555555555555
10 0.467578125 0.5576388888888889 0.01328125 0.03194444444444444
12 0.904296875 0.63125 0.10234375 0.07916666666666666
3 0.46171875 0.6395833333333333 0.028125 0.043055555555555555
3 0.7125 0.6666666666666666 0.1875 0.25277777777777777
3 0.386328125 0.6805555555555556 0.07578125 0.09166666666666666
3 0.502734375 0.6951388888888889 0.10078125 0.14305555555555555