3 0.43046875 0.6743055555555556 0.021875 0.03194444444444444
10 0.669921875 0.61875 0.00859375 0.020833333333333332
10 0.484765625 0.5979166666666667 0.00859375 0.02638888888888889
2 0.895703125 0.6423611111111112 0.10859375 0.08472222222222223
3 0.61328125 0.6611111111111111 0.0296875 0.03333333333333333
3 0.4703125 0.6548611111111111 0.015625 0.020833333333333332
3 0.63828125 0.6506944444444445 0.025 0.020833333333333332
3 0.437890625 0.6701388888888888 0.01640625 0.029166666666666667
3 0.37578125 0.6868055555555556 0.059375 0.07916666666666666
10 0.62734375 0.5659722222222222 0.0140625 0.02361111111111111
3 0.408984375 0.6756944444444445 0.03203125 0.059722222222222225
3 0.5515625 0.6708333333333333 0.04375 0.058333333333333334
3 0.295703125 0.7138888888888889 0.13203125 0.14166666666666666
3 0.1375 0.7791666666666667 0.2734375 0.30277777777777776