3 0.978515625 0.6395833333333333 0.04296875 0.05416666666666667
3 0.1453125 0.65625 0.0953125 0.06527777777777778
10 0.37734375 0.6006944444444444 0.0078125 0.02361111111111111
3 0.787890625 0.63125 0.07578125 0.04861111111111111
3 0.53515625 0.6486111111111111 0.0171875 0.022222222222222223
3 0.501171875 0.6548611111111111 0.02109375 0.02638888888888889
12 0.360546875 0.6729166666666667 0.06171875 0.09861111111111111
3 0.360546875 0.6743055555555556 0.06015625 0.09583333333333334
3 0.114453125 0.6548611111111111 0.05078125 0.06527777777777778
3 0.16875 0.6625 0.0484375 0.06666666666666667
3 0.576171875 0.6493055555555556 0.03984375 0.05694444444444444
10 0.18515625 0.5208333333333334 0.0203125 0.075
3 0.666015625 0.6722222222222223 0.08984375 0.09166666666666666
3 0.075390625 0.7152777777777778 0.14921875 0.14722222222222223