3 0.576171875 0.6729166666666667 0.01796875 0.029166666666666667
2 0.433984375 0.6715277777777777 0.04453125 0.07916666666666666
10 0.454296875 0.58125 0.01171875 0.03194444444444444
7 0.26796875 0.7034722222222223 0.0328125 0.0625
3 0.558203125 0.6736111111111112 0.02421875 0.030555555555555555
3 0.464453125 0.6881944444444444 0.02890625 0.04027777777777778
3 0.43359375 0.6715277777777777 0.0453125 0.07916666666666666
3 0.621484375 0.6979166666666666 0.07734375 0.09861111111111111
3 0.5078125 0.6770833333333334 0.0375 0.05694444444444444
3 0.873046875 0.7868055555555555 0.25078125 0.3680555555555556
3 0.174609375 0.7868055555555555 0.34765625 0.30694444444444446