10 0.63203125 0.5513888888888889 0.00625 0.022222222222222223
12 0.096484375 0.6173611111111111 0.08203125 0.10138888888888889
2 0.621484375 0.6493055555555556 0.03203125 0.05416666666666667
10 0.5390625 0.5493055555555556 0.0078125 0.05138888888888889
10 0.660546875 0.6055555555555555 0.01171875 0.025
3 0.621875 0.6506944444444445 0.03125 0.05416666666666667
12 0.621484375 0.6493055555555556 0.03203125 0.05416666666666667
10 0.315625 0.28958333333333336 0.0234375 0.10138888888888889
3 0.673046875 0.6458333333333334 0.02578125 0.027777777777777776
3 0.558203125 0.6493055555555556 0.02265625 0.04027777777777778
3 0.054296875 0.6958333333333333 0.10703125 0.11388888888888889