3 0.113671875 0.7097222222222223 0.22734375 0.37777777777777777
10 0.82578125 0.5861111111111111 0.0109375 0.027777777777777776
3 0.13203125 0.8541666666666666 0.2640625 0.2777777777777778
10 0.637890625 0.5597222222222222 0.01328125 0.027777777777777776
3 0.257421875 0.6868055555555556 0.08359375 0.09861111111111111
3 0.819921875 0.6784722222222223 0.04921875 0.07083333333333333
3 0.284765625 0.6833333333333333 0.05078125 0.09722222222222222
10 0.3546875 0.4340277777777778 0.015625 0.04583333333333333
10 0.8515625 0.36944444444444446 0.0296875 0.03888888888888889
3 0.866796875 0.6638888888888889 0.07734375 0.075
3 0.720703125 0.6576388888888889 0.07578125 0.08472222222222223
3 0.490234375 0.7131944444444445 0.15859375 0.27361111111111114