7 0.1890625 0.6722222222222223 0.0765625 0.09166666666666666
7 0.241796875 0.6569444444444444 0.01640625 0.06944444444444445
1 0.01875 0.6652777777777777 0.0375 0.05277777777777778
7 0.182421875 0.6666666666666666 0.03203125 0.09444444444444444
12 0.50625 0.6680555555555555 0.0484375 0.06944444444444445
7 0.2140625 0.6444444444444445 0.0234375 0.06388888888888888
10 0.386328125 0.42986111111111114 0.01796875 0.043055555555555555
3 0.50625 0.6715277777777777 0.0484375 0.0625
6 0.188671875 0.6826388888888889 0.08359375 0.0763888888888889
3 0.41171875 0.6625 0.046875 0.058333333333333334
12 0.5453125 0.6229166666666667 0.0375 0.08472222222222223
12 0.684375 0.6006944444444444 0.16875 0.30416666666666664