10 0.348046875 0.5666666666666667 0.01484375 0.04722222222222222
3 0.992578125 0.6833333333333333 0.01484375 0.03888888888888889
10 0.37578125 0.5590277777777778 0.0078125 0.0375
3 0.6328125 0.6659722222222222 0.025 0.06527777777777778
10 0.778125 0.45 0.015625 0.03888888888888889
3 0.5578125 0.6611111111111111 0.03125 0.03888888888888889
7 0.798046875 0.6659722222222222 0.02265625 0.07361111111111111
3 0.02109375 0.6416666666666667 0.0421875 0.044444444444444446
10 0.148828125 0.4618055555555556 0.02265625 0.06527777777777778
3 0.491015625 0.6631944444444444 0.03046875 0.04027777777777778
10 0.184375 0.45 0.021875 0.07777777777777778
3 0.69765625 0.6868055555555556 0.11875 0.13472222222222222
3 0.603125 0.6708333333333333 0.05 0.06944444444444445
3 0.262109375 0.7520833333333333 0.22578125 0.2625