10 0.330859375 0.41180555555555554 0.01328125 0.05416666666666667
3 0.659375 0.6361111111111111 0.0234375 0.041666666666666664
10 0.9640625 0.37083333333333335 0.0640625 0.06944444444444445
3 0.636328125 0.6472222222222223 0.03203125 0.044444444444444446
10 0.1140625 0.40902777777777777 0.05625 0.034722222222222224
10 0.978125 0.36736111111111114 0.0265625 0.06527777777777778
3 0.68203125 0.6479166666666667 0.0234375 0.03194444444444444
3 0.404296875 0.6666666666666666 0.03671875 0.04722222222222222
3 0.511328125 0.65625 0.04453125 0.07361111111111111
10 0.312109375 0.4125 0.02265625 0.06111111111111111
10 0.203515625 0.5284722222222222 0.01640625 0.0375
12 0.584375 0.6638888888888889 0.06875 0.11388888888888889
3 0.35390625 0.6861111111111111 0.090625 0.13055555555555556
7 0.12890625 0.69375 0.0234375 0.12083333333333333
7 0.059765625 0.6895833333333333 0.02421875 0.1125
3 0.727734375 0.6597222222222222 0.06953125 0.06666666666666667