10 0.539453125 0.5972222222222222 0.01015625 0.019444444444444445
6 0.363671875 0.7138888888888889 0.02578125 0.05555555555555555
10 0.14609375 0.46319444444444446 0.0203125 0.0625
3 0.06953125 0.6583333333333333 0.1375 0.13333333333333333
3 0.141796875 0.6541666666666667 0.05859375 0.10277777777777777
10 0.994921875 0.4597222222222222 0.01015625 0.058333333333333334
7 0.36328125 0.6819444444444445 0.0296875 0.09166666666666666
12 0.0671875 0.6576388888888889 0.134375 0.13472222222222222
10 0.205859375 0.4534722222222222 0.01953125 0.06805555555555555
3 0.0328125 0.6777777777777778 0.065625 0.1111111111111111
3 0.507421875 0.675 0.03671875 0.03888888888888889
3 0.424609375 0.6715277777777777 0.04296875 0.0625
3 0.83515625 0.7118055555555556 0.175 0.14027777777777778