3 0.365625 0.65 0.03125 0.044444444444444446
3 0.2546875 0.6576388888888889 0.06875 0.04861111111111111
3 0.547265625 0.6569444444444444 0.01640625 0.025
3 0.0421875 0.6333333333333333 0.084375 0.06944444444444445
10 0.542578125 0.5895833333333333 0.01171875 0.029166666666666667
3 0.30546875 0.6541666666666667 0.059375 0.041666666666666664
3 0.508203125 0.65 0.02421875 0.03888888888888889
3 0.95234375 0.6729166666666667 0.071875 0.09027777777777778
3 0.05859375 0.68125 0.115625 0.10138888888888889
3 0.149609375 0.6888888888888889 0.13671875 0.11944444444444445
3 0.716015625 0.7131944444444445 0.16640625 0.1597222222222222