10 0.671484375 0.5826388888888889 0.00859375 0.03194444444444444
10 0.38125 0.5798611111111112 0.0109375 0.034722222222222224
7 0.303515625 0.6534722222222222 0.01484375 0.07083333333333333
1 0.257421875 0.6902777777777778 0.02421875 0.08333333333333333
3 0.483984375 0.69375 0.03359375 0.09305555555555556
1 0.007421875 0.6993055555555555 0.01484375 0.0625
0 0.98671875 0.7131944444444445 0.0265625 0.07083333333333333
7 0.218359375 0.6590277777777778 0.02734375 0.09583333333333334
10 0.805859375 0.5284722222222222 0.01171875 0.043055555555555555
6 0.33046875 0.7125 0.0328125 0.075
1 0.228125 0.6993055555555555 0.0453125 0.09027777777777778
3 0.74140625 0.6555555555555556 0.053125 0.07777777777777778
7 0.33515625 0.6833333333333333 0.03125 0.12222222222222222
1 0.141015625 0.6881944444444444 0.06171875 0.08194444444444444
3 0.551953125 0.7347222222222223 0.13515625 0.19722222222222222
3 0.0625 0.8652777777777778 0.1234375 0.25555555555555554