3 0.666796875 0.6576388888888889 0.01640625 0.029166666666666667
10 0.432421875 0.5451388888888888 0.00859375 0.03194444444444444
10 0.98828125 0.49722222222222223 0.01875 0.04722222222222222
10 0.311328125 0.36875 0.02109375 0.0375
3 0.38984375 0.6513888888888889 0.040625 0.030555555555555555
3 0.6796875 0.6534722222222222 0.0359375 0.0375
10 0.165625 0.5083333333333333 0.015625 0.06666666666666667
2 0.513671875 0.6527777777777778 0.04296875 0.08611111111111111
7 0.13828125 0.7 0.025 0.11388888888888889
3 0.4375 0.6583333333333333 0.0390625 0.06944444444444445
12 0.276953125 0.6430555555555556 0.11015625 0.18333333333333332